service_id,date,exception_type
1,20260928,2
1,20261028,2
1,20261117,2
2,20260904,2
2,20260911,2
2,20260918,2
2,20260925,2
2,20260928,2
2,20261002,2
2,20261009,2
2,20261016,2
2,20261023,2
2,20261027,2
2,20261028,2
2,20261106,2
2,20261113,2
2,20261117,2
2,20261120,2
2,20261127,2
2,20261204,2
6,20260813,2
6,20260814,2
6,20260817,2
6,20260818,2
6,20260819,2
6,20260820,2
6,20260821,2
6,20260824,2
6,20260825,2
6,20260826,2
6,20260827,2
6,20260828,2
6,20260831,2
6,20260901,2
6,20260902,2
6,20260903,2
6,20260904,2
6,20260907,2
6,20260908,2
6,20260909,2
6,20260910,2
6,20260911,2
6,20260914,2
6,20260915,2
6,20260916,2
6,20260917,2
6,20260918,2
6,20260921,2
6,20260922,2
6,20260923,2
6,20260924,2
6,20260925,2
6,20260928,2
6,20260929,2
6,20260930,2
6,20261001,2
6,20261002,2
6,20261005,2
6,20261006,2
6,20261007,2
6,20261008,2
6,20261009,2
6,20261012,2
6,20261013,2
6,20261014,2
6,20261015,2
6,20261016,2
6,20261019,2
6,20261020,2
6,20261021,2
6,20261028,2
6,20261117,2
7,20260713,2
7,20260714,2
7,20260715,2
7,20260716,2
7,20260720,2
7,20260721,2
7,20260722,2
7,20260723,2
7,20260727,2
7,20260728,2
7,20260729,2
7,20260730,2
7,20260803,2
7,20260804,2
7,20260805,2
7,20260806,2
7,20260810,2
7,20260811,2
7,20260812,2
7,20260813,2
7,20260814,2
7,20260817,2
7,20260818,2
7,20260819,2
7,20260820,2
7,20260821,2
7,20260824,2
7,20260825,2
7,20260826,2
7,20260827,2
7,20260828,2
7,20260831,2
7,20260901,2
7,20260902,2
7,20260903,2
7,20260904,2
7,20260907,2
7,20260908,2
7,20260909,2
7,20260910,2
7,20260911,2
7,20260914,2
7,20260915,2
7,20260916,2
7,20260917,2
7,20260918,2
7,20260921,2
7,20260922,2
7,20260923,2
7,20260924,2
7,20260925,2
7,20260928,2
7,20260929,2
7,20260930,2
7,20261001,2
7,20261002,2
7,20261005,2
7,20261006,2
7,20261007,2
7,20261008,2
7,20261009,2
7,20261012,2
7,20261013,2
7,20261014,2
7,20261015,2
7,20261016,2
7,20261019,2
7,20261020,2
7,20261021,2
7,20261022,2
7,20261026,2
7,20261028,2
7,20261029,2
7,20261102,2
7,20261103,2
7,20261104,2
7,20261105,2
7,20261109,2
7,20261110,2
7,20261111,2
7,20261112,2
7,20261117,2
7,20261118,2
7,20261119,2
7,20261123,2
7,20261124,2
7,20261125,2
7,20261126,2
7,20261130,2
7,20261201,2
7,20261202,2
7,20261203,2
7,20261207,2
7,20261208,2
7,20261209,2
7,20261210,2
9,20260723,2
9,20260724,2
9,20260727,2
9,20260728,2
9,20260729,2
9,20260730,2
9,20260731,2
9,20260928,2
9,20261028,2
9,20261117,2
10,20260715,2
10,20260716,2
10,20260717,2
10,20260720,2
10,20260721,2
10,20260928,2
10,20261028,2
10,20261117,2
11,20260730,2
11,20260731,2
11,20260803,2
11,20260804,2
12,20260713,2
12,20260714,2
12,20260715,2
12,20260716,2
12,20260720,2
12,20260721,2
12,20260722,2
12,20260723,2
12,20260727,2
12,20260728,2
12,20260729,2
12,20260730,2
12,20260803,2
12,20260804,2
12,20260805,2
12,20260806,2
12,20260810,2
12,20260811,2
12,20260812,2
12,20260813,2
12,20260817,2
12,20260818,2
12,20260819,2
12,20260820,2
12,20260824,2
12,20260825,2
12,20260826,2
12,20260827,2
12,20260831,2
12,20260901,2
12,20260902,2
12,20260903,2
12,20260907,2
12,20260908,2
12,20260909,2
12,20260910,2
12,20260914,2
12,20260915,2
12,20260916,2
12,20260917,2
12,20260921,2
12,20260922,2
12,20260923,2
12,20260924,2
12,20260928,2
12,20260929,2
12,20260930,2
12,20261001,2
12,20261005,2
12,20261006,2
12,20261007,2
12,20261008,2
12,20261012,2
12,20261013,2
12,20261014,2
12,20261015,2
12,20261019,2
12,20261020,2
12,20261021,2
12,20261022,2
12,20261026,2
12,20261028,2
12,20261029,2
12,20261102,2
12,20261103,2
12,20261104,2
12,20261105,2
12,20261109,2
12,20261110,2
12,20261111,2
12,20261112,2
12,20261117,2
12,20261118,2
12,20261119,2
12,20261123,2
12,20261124,2
12,20261125,2
12,20261126,2
12,20261130,2
12,20261201,2
12,20261202,2
12,20261203,2
12,20261207,2
12,20261208,2
12,20261209,2
12,20261210,2
13,20260713,2
13,20260720,2
13,20260727,2
13,20260803,2
13,20260810,2
13,20260817,2
13,20260824,2
13,20260831,2
13,20260907,2
13,20260914,2
13,20260921,2
13,20260928,2
13,20260929,2
13,20261005,2
13,20261012,2
13,20261019,2
13,20261026,2
13,20261028,2
13,20261029,2
13,20261102,2
13,20261109,2
13,20261116,2
13,20261117,2
13,20261118,2
13,20261123,2
13,20261130,2
13,20261207,2
14,20260713,2
14,20260714,2
14,20260715,2
14,20260716,2
14,20260720,2
14,20260721,2
14,20260722,2
14,20260723,2
14,20260727,2
14,20260728,2
14,20260729,2
14,20260730,2
14,20260803,2
14,20260804,2
14,20260805,2
14,20260806,2
14,20260810,2
14,20260811,2
14,20260812,2
14,20260813,2
14,20260817,2
14,20260818,2
14,20260819,2
14,20260820,2
14,20260824,2
14,20260825,2
14,20260826,2
14,20260827,2
15,20260713,2
15,20260714,2
15,20260715,2
15,20260716,2
15,20260720,2
15,20260721,2
15,20260722,2
15,20260723,2
18,20260713,2
18,20260714,2
18,20260715,2
18,20260716,2
18,20260717,2
18,20260720,2
18,20260721,2
18,20260722,2
18,20260723,2
18,20260724,2
18,20260727,2
18,20260728,2
18,20260729,2
18,20260730,2
18,20260731,2
18,20260803,2
18,20260804,2
18,20260805,2
18,20260806,2
18,20260807,2
18,20260810,2
18,20260811,2
18,20260812,2
18,20260813,2
18,20260814,2
18,20260817,2
18,20260818,2
18,20260819,2
18,20260820,2
18,20260821,2
18,20260824,2
18,20260825,2
18,20260826,2
18,20260928,2
18,20261028,2
18,20261117,2
19,20260713,2
19,20260714,2
19,20260715,2
19,20260716,2
19,20260717,2
19,20260720,2
19,20260721,2
19,20260722,2
19,20260723,2
19,20260724,2
19,20260727,2
19,20260728,2
19,20260729,2
19,20260730,2
19,20260731,2
19,20260803,2
19,20260804,2
19,20260805,2
19,20260806,2
19,20260807,2
19,20260810,2
19,20260811,2
19,20260812,2
19,20260813,2
19,20260814,2
19,20260817,2
19,20260818,2
19,20260819,2
19,20260820,2
19,20260821,2
19,20260824,2
19,20260825,2
19,20260826,2
19,20260827,2
19,20260831,2
19,20260901,2
19,20260902,2
19,20260903,2
19,20260907,2
19,20260908,2
19,20260909,2
19,20260910,2
19,20260914,2
19,20260915,2
19,20260916,2
19,20260917,2
19,20260921,2
19,20260922,2
19,20260923,2
19,20260924,2
19,20260928,2
19,20260929,2
19,20260930,2
19,20261001,2
19,20261005,2
19,20261006,2
19,20261007,2
19,20261008,2
19,20261012,2
19,20261013,2
19,20261014,2
19,20261015,2
19,20261019,2
19,20261020,2
19,20261021,2
19,20261022,2
19,20261026,2
19,20261028,2
19,20261029,2
19,20261102,2
19,20261103,2
19,20261104,2
19,20261105,2
19,20261109,2
19,20261110,2
19,20261111,2
19,20261112,2
19,20261117,2
19,20261118,2
19,20261119,2
19,20261123,2
19,20261124,2
19,20261125,2
19,20261126,2
19,20261130,2
19,20261201,2
19,20261202,2
19,20261203,2
19,20261207,2
19,20261208,2
19,20261209,2
19,20261210,2
20,20260814,2
20,20260817,2
20,20260818,2
20,20260819,2
20,20260820,2
20,20260821,2
20,20260824,2
20,20260825,2
20,20260826,2
20,20260827,2
20,20260828,2
20,20260831,2
20,20260901,2
20,20260902,2
20,20260903,2
20,20260904,2
20,20260907,2
20,20260908,2
20,20260909,2
20,20260910,2
20,20260911,2
20,20260914,2
20,20260915,2
20,20260916,2
20,20260917,2
20,20260918,2
20,20260921,2
20,20260922,2
20,20260923,2
20,20260924,2
20,20260925,2
20,20260928,2
20,20260929,2
20,20260930,2
20,20261001,2
20,20261002,2
20,20261005,2
20,20261006,2
20,20261007,2
20,20261008,2
20,20261009,2
20,20261012,2
20,20261013,2
20,20261014,2
20,20261015,2
20,20261016,2
20,20261019,2
20,20261020,2
20,20261021,2
20,20261028,2
20,20261117,2
21,20260713,2
21,20260714,2
21,20260715,2
21,20260716,2
21,20260720,2
21,20260721,2
21,20260722,2
21,20260723,2
21,20260727,2
21,20260728,2
21,20260729,2
21,20260730,2
21,20260803,2
21,20260804,2
21,20260805,2
21,20260806,2
21,20260810,2
21,20260811,2
21,20260812,2
21,20260813,2
21,20260817,2
21,20260818,2
21,20260819,2
21,20260820,2
21,20260824,2
21,20260825,2
21,20260826,2
21,20260827,2
21,20260831,2
21,20260901,2
21,20260902,2
21,20260903,2
21,20260907,2
21,20260908,2
21,20260909,2
21,20260910,2
21,20260914,2
21,20260915,2
21,20260916,2
21,20260917,2
21,20260921,2
21,20260922,2
21,20260923,2
21,20260924,2
21,20260928,2
21,20260929,2
21,20260930,2
21,20261001,2
21,20261005,2
21,20261006,2
21,20261007,2
21,20261008,2
21,20261012,2
21,20261013,2
21,20261014,2
21,20261015,2
21,20261019,2
21,20261020,2
21,20261021,2
21,20261022,2
21,20261026,2
21,20261027,2
21,20261028,2
21,20261029,2
21,20261102,2
21,20261103,2
21,20261104,2
21,20261105,2
21,20261109,2
21,20261110,2
21,20261111,2
21,20261112,2
21,20261116,2
21,20261117,2
21,20261118,2
21,20261119,2
21,20261123,2
21,20261124,2
21,20261125,2
21,20261126,2
21,20261130,2
21,20261201,2
21,20261202,2
21,20261203,2
21,20261207,2
21,20261208,2
21,20261209,2
21,20261210,2
22,20260713,2
22,20260714,2
22,20260715,2
22,20260720,2
22,20260721,2
22,20260722,2
22,20260727,2
22,20260728,2
22,20260729,2
22,20260803,2
22,20260804,2
22,20260805,2
22,20260810,2
22,20260811,2
22,20260812,2
22,20260817,2
22,20260818,2
22,20260819,2
22,20260824,2
22,20260825,2
22,20260826,2
22,20260831,2
22,20260901,2
22,20260902,2
22,20260907,2
22,20260908,2
22,20260909,2
22,20260914,2
22,20260915,2
22,20260916,2
22,20260921,2
22,20260922,2
22,20260923,2
22,20260928,2
22,20260929,2
22,20260930,2
22,20261005,2
22,20261006,2
22,20261007,2
22,20261012,2
22,20261013,2
22,20261014,2
22,20261019,2
22,20261020,2
22,20261021,2
22,20261026,2
22,20261027,2
22,20261028,2
22,20261102,2
22,20261103,2
22,20261104,2
22,20261109,2
22,20261110,2
22,20261111,2
22,20261116,2
22,20261117,2
22,20261118,2
22,20261123,2
22,20261124,2
22,20261125,2
22,20261130,2
22,20261201,2
22,20261202,2
22,20261207,2
22,20261208,2
22,20261209,2
23,20260805,2
23,20260806,2
24,20260805,2
24,20260806,2
24,20260928,2
24,20261028,2
24,20261117,2
25,20260805,2
25,20260806,2
25,20260915,2
25,20260928,2
25,20261028,2
25,20261117,2
26,20260901,2
26,20260902,2
26,20260903,2
26,20260904,2
26,20260907,2
26,20260908,2
26,20260909,2
26,20260910,2
26,20260911,2
26,20260914,2
26,20260915,2
26,20260916,2
26,20260917,2
26,20260918,2
26,20260921,2
26,20260922,2
26,20260923,2
26,20260924,2
26,20260925,2
26,20260928,2
26,20260929,2
26,20260930,2
26,20261001,2
26,20261002,2
26,20261005,2
26,20261006,2
26,20261007,2
26,20261008,2
26,20261009,2
26,20261012,2
26,20261013,2
26,20261014,2
26,20261015,2
26,20261016,2
26,20261019,2
26,20261020,2
26,20261021,2
26,20261022,2
26,20261023,2
26,20261026,2
26,20261027,2
26,20261028,2
28,20260714,2
28,20260715,2
28,20260716,2
28,20260721,2
28,20260722,2
28,20260723,2
28,20260728,2
28,20260729,2
28,20260730,2
28,20260804,2
28,20260805,2
28,20260806,2
28,20260811,2
28,20260812,2
28,20260813,2
28,20260818,2
28,20260819,2
28,20260820,2
29,20260928,2
29,20261028,2
29,20261117,2
33,20260713,2
33,20260720,2
33,20260727,2
33,20260803,2
33,20260810,2
33,20260817,2
33,20260824,2
34,20260803,2
34,20260804,2
34,20260805,2
34,20260806,2
34,20260807,2
34,20260810,2
34,20260811,2
34,20260812,2
34,20260813,2
34,20260814,2
37,20260928,2
40,20260901,2
40,20260902,2
40,20260903,2
40,20260904,2
40,20260907,2
40,20260908,2
40,20260909,2
40,20260910,2
40,20260911,2
40,20260914,2
40,20260915,2
40,20260916,2
40,20260917,2
40,20260918,2
40,20260921,2
40,20260922,2
40,20260923,2
40,20260924,2
40,20260925,2
40,20260928,2
40,20260929,2
40,20260930,2
40,20261001,2
40,20261002,2
40,20261005,2
40,20261006,2
40,20261007,2
40,20261008,2
40,20261009,2
40,20261012,2
40,20261013,2
40,20261014,2
40,20261015,2
40,20261016,2
40,20261019,2
40,20261020,2
40,20261021,2
40,20261022,2
40,20261023,2
40,20261026,2
40,20261027,2
40,20261028,2
40,20261102,2
40,20261103,2
40,20261104,2
40,20261105,2
40,20261106,2
40,20261109,2
40,20261110,2
40,20261111,2
40,20261112,2
40,20261113,2
42,20260713,2
42,20260714,2
42,20260715,2
42,20260716,2
42,20260717,2
42,20260720,2
42,20260721,2
42,20260722,2
42,20260723,2
42,20260724,2
42,20260727,2
42,20260728,2
42,20260729,2
42,20260730,2
42,20260731,2
43,20260713,2
43,20260714,2
43,20260715,2
43,20260716,2
43,20260717,2
43,20260720,2
43,20260721,2
43,20260722,2
43,20260723,2
43,20260724,2
43,20260727,2
43,20260728,2
43,20260729,2
43,20260730,2
43,20260731,2
45,20260803,2
45,20260804,2
45,20260805,2
45,20260806,2
45,20260807,2
45,20260810,2
45,20260811,2
45,20260812,2
45,20260813,2
45,20260814,2
45,20260817,2
45,20260818,2
45,20260819,2
45,20260820,2
45,20260821,2
45,20260824,2
45,20260825,2
45,20260826,2
45,20260827,2
45,20260828,2
45,20260831,2
45,20260901,2
45,20260902,2
45,20260903,2
45,20260904,2
45,20260907,2
45,20260908,2
45,20260909,2
45,20260910,2
45,20260911,2
45,20260914,2
45,20260915,2
45,20260916,2
45,20260917,2
45,20260918,2
45,20260921,2
45,20260922,2
45,20260923,2
45,20260924,2
45,20260925,2
45,20260928,2
45,20260929,2
45,20260930,2
45,20261001,2
45,20261002,2
45,20261005,2
45,20261006,2
45,20261007,2
45,20261008,2
45,20261009,2
45,20261012,2
45,20261013,2
45,20261014,2
45,20261015,2
45,20261016,2
45,20261019,2
45,20261020,2
45,20261021,2
45,20261022,2
45,20261023,2
45,20261026,2
45,20261027,2
45,20261028,2
45,20261029,2
45,20261030,2
45,20261117,2
46,20260714,2
46,20260715,2
46,20260716,2
46,20260721,2
46,20260722,2
46,20260723,2
46,20260728,2
46,20260729,2
46,20260730,2
47,20260711,2
47,20260712,2
47,20260718,2
47,20260719,2
47,20260725,2
47,20260726,2
47,20260801,2
47,20260802,2
47,20260808,2
47,20260809,2
47,20260815,2
47,20260816,2
47,20260822,2
47,20260823,2
47,20260829,2
47,20260830,2
47,20260905,2
47,20260906,2
47,20260912,2
47,20260913,2
47,20260919,2
47,20260920,2
47,20260926,2
47,20260927,2
47,20260928,2
47,20261003,2
47,20261004,2
47,20261010,2
47,20261011,2
47,20261017,2
47,20261018,2
47,20261024,2
47,20261025,2
47,20261028,2
47,20261031,2
47,20261101,2
47,20261107,2
47,20261108,2
47,20261114,2
47,20261115,2
47,20261117,2
47,20261121,2
47,20261122,2
47,20261128,2
47,20261129,2
47,20261205,2
47,20261206,2
48,20260713,2
48,20260714,2
48,20260715,2
48,20260716,2
48,20260717,2
50,20260731,2
50,20260803,2
50,20260804,2
50,20260805,2
50,20260806,2
50,20260807,2
50,20260810,2
50,20260811,2
50,20260812,2
50,20260813,2
50,20260814,2
50,20260817,2
50,20260818,2
50,20260819,2
50,20260820,2
50,20260821,2
50,20260824,2
50,20260825,2
50,20260826,2
50,20260827,2
50,20260828,2
50,20260831,2
50,20260901,2
50,20260902,2
50,20260903,2
50,20260904,2
50,20260907,2
50,20260908,2
50,20260909,2
50,20260910,2
50,20260911,2
50,20260914,2
50,20260915,2
50,20260916,2
50,20260917,2
50,20260918,2
50,20260921,2
50,20260922,2
50,20260923,2
50,20260924,2
50,20260925,2
50,20260928,2
50,20260929,2
50,20260930,2
50,20261001,2
50,20261002,2
50,20261005,2
50,20261006,2
50,20261007,2
50,20261008,2
50,20261009,2
50,20261012,2
50,20261013,2
50,20261014,2
50,20261015,2
50,20261016,2
50,20261019,2
50,20261020,2
50,20261021,2
50,20261022,2
50,20261023,2
50,20261026,2
50,20261027,2
50,20261028,2
50,20261029,2
50,20261030,2
50,20261117,2
51,20260813,2
51,20260814,2
51,20260817,2
51,20260818,2
51,20260819,2
51,20260820,2
51,20260821,2
51,20260824,2
51,20260825,2
51,20260826,2
51,20260827,2
51,20260828,2
51,20260831,2
51,20260901,2
51,20260902,2
51,20260903,2
51,20260904,2
51,20260907,2
51,20260908,2
51,20260909,2
51,20260910,2
51,20260911,2
51,20260914,2
51,20260915,2
51,20260916,2
51,20260917,2
51,20260918,2
51,20260921,2
51,20260922,2
51,20260923,2
51,20260924,2
51,20260925,2
51,20260928,2
51,20260929,2
51,20260930,2
51,20261001,2
51,20261002,2
51,20261005,2
51,20261006,2
51,20261007,2
51,20261008,2
51,20261009,2
51,20261012,2
51,20261013,2
51,20261014,2
51,20261015,2
51,20261016,2
51,20261019,2
51,20261020,2
51,20261021,2
51,20261022,2
51,20261023,2
51,20261026,2
51,20261027,2
51,20261028,2
52,20260713,2
52,20260714,2
52,20260715,2
52,20260716,2
52,20260720,2
52,20260721,2
52,20260722,2
52,20260723,2
52,20260727,2
52,20260728,2
52,20260729,2
52,20260730,2
52,20260803,2
52,20260804,2
52,20260805,2
52,20260806,2
52,20260810,2
52,20260811,2
52,20260812,2
52,20260813,2
52,20260817,2
52,20260818,2
52,20260819,2
52,20260820,2
52,20260824,2
52,20260825,2
52,20260826,2
52,20260827,2
52,20260831,2
52,20260901,2
52,20260902,2
52,20260903,2
52,20260904,2
52,20260907,2
52,20260908,2
52,20260909,2
52,20260910,2
52,20260911,2
52,20260914,2
52,20260915,2
52,20260916,2
52,20260917,2
52,20260918,2
52,20260921,2
52,20260922,2
52,20260923,2
52,20260924,2
52,20260925,2
52,20260928,2
52,20260929,2
52,20260930,2
52,20261001,2
52,20261002,2
52,20261005,2
52,20261006,2
52,20261007,2
52,20261008,2
52,20261009,2
52,20261012,2
52,20261013,2
52,20261014,2
52,20261015,2
52,20261016,2
52,20261019,2
52,20261020,2
52,20261021,2
52,20261022,2
52,20261023,2
52,20261026,2
52,20261027,2
52,20261028,2
52,20261029,2
53,20260810,2
53,20260811,2
53,20260812,2
53,20260813,2
53,20260814,2
53,20260817,2
53,20260818,2
53,20260819,2
53,20260820,2
53,20260821,2
53,20260928,2
53,20261028,2
53,20261117,2
54,20260810,2
54,20260811,2
54,20260812,2
54,20260813,2
54,20260814,2
54,20260817,2
54,20260818,2
54,20260819,2
54,20260820,2
54,20260821,2
54,20260901,2
54,20260902,2
54,20260903,2
54,20260904,2
54,20260907,2
54,20260908,2
54,20260909,2
54,20260910,2
54,20260911,2
54,20260914,2
54,20260915,2
54,20260916,2
54,20260917,2
54,20260918,2
54,20260921,2
54,20260922,2
54,20260923,2
54,20260924,2
54,20260925,2
54,20260928,2
54,20260929,2
54,20260930,2
54,20261001,2
54,20261002,2
54,20261005,2
54,20261006,2
54,20261007,2
54,20261008,2
54,20261009,2
54,20261012,2
54,20261013,2
54,20261014,2
54,20261015,2
54,20261016,2
54,20261019,2
54,20261020,2
54,20261021,2
54,20261022,2
54,20261023,2
54,20261026,2
54,20261027,2
54,20261028,2
55,20260724,2
55,20260901,2
55,20260902,2
55,20260903,2
55,20260904,2
55,20260907,2
55,20260908,2
55,20260909,2
55,20260910,2
55,20260911,2
55,20260914,2
55,20260915,2
55,20260916,2
55,20260917,2
55,20260918,2
55,20260921,2
55,20260922,2
55,20260923,2
55,20260924,2
55,20260925,2
55,20260928,2
55,20260929,2
55,20260930,2
55,20261001,2
55,20261002,2
55,20261005,2
55,20261006,2
55,20261007,2
55,20261008,2
55,20261009,2
55,20261012,2
55,20261013,2
55,20261014,2
55,20261015,2
55,20261016,2
55,20261019,2
55,20261020,2
55,20261021,2
55,20261022,2
55,20261023,2
55,20261026,2
55,20261027,2
55,20261028,2
56,20260713,2
56,20260714,2
56,20260715,2
56,20260716,2
56,20260720,2
56,20260721,2
56,20260722,2
56,20260723,2
56,20260727,2
56,20260728,2
56,20260729,2
56,20260730,2
57,20260824,2
57,20260825,2
57,20260826,2
57,20260827,2
57,20260828,2
57,20260831,2
57,20260901,2
57,20260902,2
57,20260903,2
57,20260904,2
57,20260907,2
57,20260908,2
57,20260909,2
57,20260910,2
57,20260911,2
57,20260914,2
57,20260915,2
57,20260916,2
57,20260917,2
57,20260918,2
57,20260921,2
57,20260922,2
57,20260923,2
57,20260924,2
57,20260925,2
57,20260928,2
57,20260929,2
57,20260930,2
57,20261001,2
57,20261002,2
57,20261005,2
57,20261006,2
57,20261007,2
57,20261008,2
57,20261009,2
57,20261012,2
57,20261013,2
57,20261014,2
57,20261015,2
57,20261016,2
57,20261019,2
57,20261020,2
57,20261021,2
57,20261022,2
57,20261023,2
57,20261026,2
57,20261027,2
57,20261028,2
57,20261029,2
57,20261030,2
57,20261117,2
58,20260714,2
58,20260716,2
58,20260721,2
58,20260723,2
58,20260728,2
58,20260730,2
58,20260804,2
58,20260806,2
58,20260811,2
58,20260813,2
58,20260818,2
58,20260820,2
59,20260928,2
60,20260928,1
60,20261028,1
60,20261117,1
62,20260712,2
62,20260719,2
62,20260726,2
62,20260802,2
62,20260809,2
62,20260816,2
62,20260823,2
64,20260712,2
64,20260719,2
64,20260726,2
64,20260802,2
64,20260809,2
64,20260816,2
64,20260823,2
64,20260830,2
64,20260905,2
64,20260906,2
65,20260712,2
65,20260719,2
65,20260726,2
65,20260802,2
65,20260809,2
65,20260816,2
65,20260823,2
65,20260830,2
65,20260906,2
65,20260913,2
65,20260920,2
65,20261004,2
65,20261011,2
65,20261018,2
65,20261025,2
65,20261101,2
65,20261108,2
65,20261115,2
65,20261122,2
65,20261129,2
65,20261206,2
66,20260928,1
67,20260712,2
67,20260719,2
67,20260726,2
67,20260802,2
67,20260809,2
67,20260816,2
67,20260823,2
67,20260830,2
67,20260906,2
67,20260913,2
67,20260920,2
67,20260927,2
67,20261004,2
67,20261011,2
67,20261018,2
67,20261025,2
67,20261028,1
67,20261101,2
67,20261108,2
67,20261115,2
67,20261122,2
67,20261129,2
67,20261206,2
68,20260830,2
68,20260906,2
68,20260913,2
68,20260920,2
68,20261004,2
68,20261011,2
68,20261018,2
68,20261025,2
68,20261028,1
68,20261101,2
68,20261108,2
68,20261115,2
68,20261117,1
68,20261122,2
68,20261129,2
68,20261206,2
69,20260712,2
69,20260719,2
69,20260726,2
69,20260802,2
69,20260809,2
69,20260816,2
69,20260823,2
69,20260830,2
69,20260906,2
69,20260913,2
69,20260920,2
69,20260927,2
69,20261004,2
69,20261011,2
69,20261018,2
69,20261025,2
69,20261028,1
69,20261101,2
69,20261108,2
69,20261115,2
69,20261117,1
69,20261122,2
69,20261129,2
69,20261206,2
71,20260815,2
71,20260816,2
71,20260822,2
71,20260823,2
71,20260829,2
71,20260830,2
71,20260905,2
71,20260906,2
71,20260912,2
71,20260913,2
71,20260919,2
71,20260920,2
71,20260926,2
71,20260927,2
71,20261003,2
71,20261004,2
71,20261010,2
71,20261011,2
71,20261017,2
71,20261018,2
71,20261028,1
71,20261117,1
72,20260712,2
72,20260719,2
72,20260726,2
72,20260802,2
72,20260809,2
72,20260815,2
72,20260816,2
72,20260822,2
72,20260823,2
72,20260829,2
72,20260830,2
72,20260905,2
72,20260906,2
72,20260912,2
72,20260913,2
72,20260919,2
72,20260920,2
72,20260926,2
72,20260927,2
72,20261003,2
72,20261004,2
72,20261010,2
72,20261011,2
72,20261017,2
72,20261018,2
72,20261025,2
72,20261101,2
72,20261108,2
72,20261115,2
72,20261122,2
72,20261129,2
72,20261206,2
73,20260712,2
73,20260719,2
73,20260726,2
73,20260802,2
73,20260809,2
73,20260815,2
73,20260816,2
73,20260822,2
73,20260823,2
73,20260829,2
73,20260830,2
73,20260905,2
73,20260906,2
73,20260912,2
73,20260913,2
73,20260919,2
73,20260920,2
73,20260926,2
73,20260927,2
73,20261003,2
73,20261004,2
73,20261010,2
73,20261011,2
73,20261017,2
73,20261018,2
73,20261025,2
73,20261028,1
73,20261101,2
73,20261108,2
73,20261115,2
73,20261117,1
73,20261122,2
73,20261129,2
73,20261206,2
74,20260712,2
74,20260719,2
74,20260725,2
74,20260726,2
74,20260801,2
74,20260802,2
74,20260809,2
74,20260816,2
74,20260823,2
74,20260830,2
74,20260906,2
74,20260913,2
74,20260920,2
74,20260927,2
74,20261004,2
74,20261011,2
74,20261018,2
74,20261025,2
74,20261028,1
74,20261101,2
74,20261108,2
74,20261115,2
74,20261117,1
74,20261122,2
74,20261129,2
74,20261206,2
75,20260718,2
75,20260719,2
75,20260808,2
75,20260809,2
75,20260815,2
75,20260816,2
75,20260928,1
75,20261028,1
75,20261117,1
76,20260712,2
76,20260718,2
76,20260719,2
76,20260726,2
76,20260802,2
76,20260808,2
76,20260809,2
76,20260815,2
76,20260816,2
76,20260823,2
76,20260830,2
76,20260906,2
76,20260913,2
76,20260920,2
76,20260927,2
76,20261004,2
76,20261011,2
76,20261018,2
76,20261025,2
76,20261028,1
76,20261101,2
76,20261108,2
76,20261115,2
76,20261117,1
76,20261122,2
76,20261129,2
76,20261206,2
77,20260712,2
77,20260718,2
77,20260719,2
77,20260726,2
77,20260802,2
77,20260808,2
77,20260809,2
77,20260815,2
77,20260816,2
77,20260823,2
77,20260830,2
77,20260906,2
77,20260913,2
77,20260920,2
77,20261004,2
77,20261011,2
77,20261018,2
77,20261025,2
77,20261101,2
77,20261108,2
77,20261115,2
77,20261122,2
77,20261129,2
77,20261206,2
78,20260712,2
78,20260718,2
78,20260719,2
78,20260725,2
78,20260726,2
78,20260928,1
78,20261028,1
78,20261117,1
79,20260712,2
79,20260718,2
79,20260719,2
79,20260725,2
79,20260726,2
79,20260802,2
79,20260809,2
79,20260816,2
79,20260823,2
79,20260830,2
79,20260906,2
79,20260913,2
79,20260920,2
79,20260927,2
79,20260928,1
79,20261004,2
79,20261011,2
79,20261018,2
79,20261025,2
79,20261028,1
79,20261101,2
79,20261108,2
79,20261115,2
79,20261117,1
79,20261122,2
79,20261129,2
79,20261206,2
80,20260712,2
80,20260718,2
80,20260719,2
80,20260725,2
80,20260726,2
80,20260802,2
80,20260809,2
80,20260816,2
80,20260823,2
80,20260830,2
80,20260906,2
80,20260913,2
80,20260920,2
80,20260927,2
80,20261004,2
80,20261011,2
80,20261018,2
80,20261025,2
80,20261028,1
80,20261101,2
80,20261108,2
80,20261115,2
80,20261117,1
80,20261122,2
80,20261129,2
80,20261206,2
81,20260712,2
81,20260718,2
81,20260719,2
81,20260725,2
81,20260726,2
81,20260808,2
81,20260809,2
81,20260815,2
81,20260816,2
81,20260928,1
81,20261028,1
81,20261117,1
83,20260712,2
83,20260719,2
83,20260726,2
83,20260802,2
83,20260809,2
83,20260816,2
83,20260823,2
83,20260830,2
83,20260906,2
83,20260913,2
83,20260920,2
83,20261004,2
83,20261011,2
83,20261018,2
84,20260712,2
84,20260719,2
84,20260726,2
84,20260802,2
84,20260809,2
84,20260816,2
84,20260823,2
84,20260830,2
84,20260906,2
84,20260913,2
84,20260920,2
84,20260927,2
84,20261004,2
84,20261011,2
84,20261018,2
85,20260928,1
86,20260712,2
86,20260719,2
86,20260726,2
86,20260802,2
86,20260809,2
86,20260816,2
86,20260823,2
86,20260830,2
86,20260906,2
86,20260913,2
86,20260920,2
86,20260927,2
86,20261004,2
86,20261011,2
86,20261018,2
86,20261025,2
86,20261028,1
86,20261101,2
86,20261108,2
86,20261115,2
86,20261117,1
87,20260712,2
87,20260719,2
87,20260726,2
87,20260802,2
87,20260809,2
87,20260816,2
87,20260823,2
87,20260830,2
87,20260906,2
87,20260913,2
87,20260920,2
87,20261004,2
87,20261011,2
87,20261018,2
87,20261025,2
87,20261101,2
87,20261108,2
88,20260712,2
88,20260719,2
88,20260726,2
88,20260802,2
88,20260809,2
88,20260816,2
88,20260823,2
88,20260830,2
88,20260906,2
88,20260913,2
88,20260920,2
88,20260927,2
88,20261004,2
88,20261011,2
88,20261018,2
88,20261025,2
88,20261101,2
88,20261108,2
88,20261115,2
88,20261122,2
88,20261129,2
88,20261206,2
89,20260712,2
89,20260719,2
89,20260726,2
89,20260802,2
89,20260809,2
89,20260816,2
89,20260823,2
89,20260830,2
89,20260906,2
89,20260913,2
89,20260920,2
89,20261004,2
89,20261011,2
89,20261018,2
89,20261025,2
89,20261028,1
89,20261101,2
89,20261108,2
89,20261115,2
89,20261117,1
89,20261122,2
89,20261129,2
89,20261206,2
90,20260712,2
90,20260718,2
90,20260719,2
90,20260725,2
90,20260726,2
90,20260801,2
90,20260802,2
90,20260808,2
90,20260809,2
90,20260815,2
90,20260816,2
90,20260822,2
90,20260823,2
90,20260830,2
90,20260906,2
90,20260913,2
90,20260920,2
90,20260927,2
90,20261004,2
90,20261011,2
90,20261018,2
91,20260718,2
91,20260719,2
91,20260725,2
91,20260726,2
91,20260801,2
91,20260802,2
91,20260808,2
91,20260809,2
91,20260815,2
91,20260816,2
91,20260822,2
91,20260823,2
91,20260928,1
91,20261028,1
91,20261117,1
92,20260712,2
92,20260718,2
92,20260719,2
92,20260725,2
92,20260726,2
92,20260801,2
92,20260802,2
92,20260808,2
92,20260809,2
92,20260815,2
92,20260816,2
92,20260822,2
92,20260823,2
92,20260830,2
92,20260906,2
92,20260913,2
92,20260920,2
92,20261004,2
92,20261011,2
92,20261018,2
92,20261025,2
92,20261101,2
92,20261108,2
92,20261115,2
92,20261122,2
92,20261129,2
92,20261206,2
93,20260712,2
93,20260718,2
93,20260719,2
93,20260725,2
93,20260726,2
93,20260801,2
93,20260802,2
93,20260808,2
93,20260809,2
93,20260815,2
93,20260816,2
93,20260822,2
93,20260823,2
93,20260830,2
93,20260906,2
93,20260913,2
93,20260920,2
93,20260927,2
93,20261004,2
93,20261011,2
93,20261018,2
93,20261025,2
93,20261101,2
93,20261108,2
93,20261115,2
93,20261122,2
93,20261129,2
93,20261206,2
94,20260712,2
94,20260718,2
94,20260719,2
94,20260725,2
94,20260726,2
94,20260801,2
94,20260802,2
94,20260808,2
94,20260809,2
94,20260815,2
94,20260816,2
94,20260822,2
94,20260823,2
94,20260830,2
94,20260906,2
94,20260913,2
94,20260920,2
94,20260927,2
94,20261004,2
94,20261011,2
94,20261018,2
94,20261025,2
94,20261028,1
94,20261101,2
94,20261108,2
94,20261115,2
94,20261117,1
94,20261122,2
94,20261129,2
94,20261206,2
95,20260906,2
95,20260913,2
95,20260920,2
95,20260927,2
95,20261004,2
95,20261011,2
95,20261018,2
95,20261025,2
95,20261028,1
95,20261101,2
95,20261108,2
95,20261115,2
95,20261117,1
95,20261122,2
95,20261129,2
95,20261206,2
96,20260905,2
96,20260912,2
96,20260919,2
96,20260926,2
96,20260927,2
96,20260928,1
96,20261003,2
96,20261010,2
96,20261017,2
96,20261024,2
96,20261028,1
96,20261031,2
96,20261107,2
96,20261114,2
96,20261117,1
96,20261121,2
96,20261128,2
96,20261205,2
98,20260712,2
98,20260718,2
98,20260719,2
98,20260726,2
98,20260802,2
98,20260809,2
98,20260816,2
98,20260823,2
98,20260830,2
98,20260906,2
98,20260913,2
98,20260920,2
98,20261004,2
98,20261011,2
98,20261018,2
98,20261025,2
98,20261028,1
98,20261101,2
98,20261108,2
98,20261115,2
98,20261117,1
98,20261122,2
98,20261129,2
98,20261206,2
99,20260718,2
99,20260719,2
99,20260928,1
99,20261028,1
99,20261117,1
100,20260928,1
100,20261028,1
100,20261117,1
101,20260712,2
101,20260719,2
101,20260726,2
101,20260802,2
101,20260809,2
101,20260816,2
101,20260823,2
101,20260830,2
101,20260906,2
101,20260913,2
101,20260920,2
101,20260927,2
101,20261004,2
101,20261011,2
101,20261018,2
101,20261025,2
101,20261101,2
101,20261108,2
101,20261115,2
101,20261117,1
104,20260712,2
104,20260719,2
104,20260726,2
104,20260816,2
104,20260823,2
104,20260830,2
104,20260906,2
104,20260913,2
104,20260920,2
105,20260712,2
105,20260719,2
105,20260726,2
108,20260712,2
110,20260712,2
110,20260719,2
110,20260726,2
110,20260802,2
110,20260809,2
110,20260816,2
110,20260823,2
110,20260830,2
110,20260906,2
110,20260913,2
110,20260920,2
111,20260928,1
113,20260712,2
113,20260719,2
114,20260712,2
114,20260719,2
114,20260726,2
114,20260802,2
114,20260809,2
114,20260816,2
114,20260823,2
114,20260830,2
114,20260906,2
114,20260913,2
114,20260920,2
114,20261004,2
114,20261011,2
114,20261018,2
114,20261025,2
114,20261028,1
114,20261117,1
115,20260905,2
115,20260906,2
115,20260912,2
115,20260913,2
115,20260919,2
115,20260920,2
115,20260926,2
115,20260927,2
115,20260928,1
115,20261003,2
115,20261004,2
115,20261010,2
115,20261011,2
115,20261017,2
115,20261018,2
115,20261024,2
115,20261025,2
115,20261028,1
116,20260801,2
116,20260802,2
116,20260808,2
116,20260809,2
116,20260815,2
116,20260816,2
116,20260822,2
116,20260823,2
116,20260829,2
116,20260830,2
116,20260905,2
116,20260906,2
116,20260912,2
116,20260913,2
116,20260919,2
116,20260920,2
116,20260926,2
116,20260927,2
116,20261003,2
116,20261004,2
116,20261010,2
116,20261011,2
116,20261017,2
116,20261018,2
116,20261024,2
116,20261025,2
116,20261117,1
117,20260906,2
117,20260913,2
117,20260920,2
117,20261004,2
117,20261011,2
117,20261018,2
117,20261025,2
117,20261028,1
117,20261101,2
117,20261108,2
117,20261122,2
117,20261129,2
117,20261206,2
118,20260801,2
118,20260802,2
118,20260808,2
118,20260809,2
118,20260815,2
118,20260816,2
118,20260822,2
118,20260823,2
118,20260829,2
118,20260830,2
118,20260905,2
118,20260906,2
118,20260912,2
118,20260913,2
118,20260919,2
118,20260920,2
118,20260926,2
118,20260927,2
118,20261003,2
118,20261004,2
118,20261010,2
118,20261011,2
118,20261017,2
118,20261018,2
118,20261024,2
118,20261025,2
118,20261031,2
118,20261117,1
119,20260801,2
119,20260802,2
119,20260928,1
119,20261028,1
119,20261117,1
120,20260801,2
120,20260802,2
120,20260815,2
120,20260816,2
120,20260822,2
120,20260823,2
120,20260829,2
120,20260830,2
120,20260905,2
120,20260906,2
120,20260912,2
120,20260913,2
120,20260919,2
120,20260920,2
120,20260926,2
120,20260927,2
120,20261003,2
120,20261004,2
120,20261010,2
120,20261011,2
120,20261017,2
120,20261018,2
120,20261028,1
120,20261117,1
122,20260928,1
122,20261028,1
122,20261117,1
124,20260712,2
124,20260719,2
124,20260726,2
124,20260802,2
124,20260809,2
124,20260816,2
124,20260823,2
124,20260830,2
124,20260906,2
124,20260913,2
124,20260920,2
124,20260927,2
124,20261004,2
124,20261011,2
124,20261018,2
124,20261025,2
124,20261101,2
124,20261108,2
124,20261115,2
124,20261122,2
124,20261129,2
125,20260712,2
125,20260719,2
125,20260725,2
125,20260726,2
125,20260802,2
125,20260809,2
125,20260816,2
125,20260823,2
125,20260830,2
125,20260906,2
125,20260913,2
125,20260920,2
125,20261004,2
125,20261011,2
125,20261018,2
125,20261025,2
125,20261101,2
125,20261108,2
125,20261115,2
125,20261122,2
125,20261129,2
125,20261206,2
126,20260829,2
126,20260830,2
126,20260905,2
126,20260906,2
126,20260912,2
126,20260913,2
126,20260919,2
126,20260920,2
126,20260926,2
126,20260927,2
126,20261003,2
126,20261004,2
126,20261010,2
126,20261011,2
126,20261017,2
126,20261018,2
126,20261024,2
126,20261025,2
126,20261031,2
126,20261117,1
127,20260712,2
127,20260719,2
127,20260726,2
127,20260802,2
127,20260809,2
127,20260816,2
127,20260823,2
127,20260830,2
127,20260906,2
127,20260913,2
127,20260920,2
128,20260906,2
128,20260913,2
128,20260920,2
128,20261004,2
128,20261011,2
128,20261018,2
128,20261025,2
128,20261028,1
128,20261101,2
128,20261108,2
128,20261115,2
128,20261117,1
128,20261122,2
128,20261129,2
128,20261206,2
129,20260712,2
129,20260719,2
129,20260726,2
129,20260802,2
129,20260809,2
129,20260816,2
129,20260823,2
129,20260830,2
129,20260906,2
129,20260913,2
129,20260920,2
129,20260927,2
130,20260928,1
131,20260718,2
131,20260725,2
131,20260801,2
131,20260808,2
131,20260815,2
131,20260822,2
131,20260829,2
132,20260718,2
132,20260725,2
132,20260801,2
132,20260808,2
132,20260815,2
132,20260822,2
132,20260829,2
132,20260905,2
132,20260912,2
132,20260919,2
132,20260926,2
132,20260927,2
132,20260928,1
132,20261003,2
132,20261010,2
132,20261017,2
132,20261024,2
132,20261028,1
132,20261031,2
132,20261107,2
132,20261114,2
132,20261117,1
132,20261121,2
132,20261128,2
132,20261205,2
133,20260718,2
133,20260725,2
133,20260801,2
133,20260808,2
133,20260815,2
133,20260822,2
133,20260829,2
133,20260905,2
133,20260912,2
133,20260919,2
133,20260926,2
133,20260927,2
133,20261003,2
133,20261004,2
133,20261010,2
133,20261011,2
133,20261017,2
133,20261018,2
133,20261024,2
133,20261025,2
133,20261028,1
133,20261031,2
133,20261101,2
133,20261107,2
133,20261108,2
133,20261114,2
133,20261115,2
133,20261117,1
134,20260718,2
134,20260725,2
134,20260801,2
134,20260808,2
134,20260815,2
134,20260822,2
134,20260829,2
134,20260905,2
134,20260912,2
134,20260919,2
134,20260926,2
134,20260928,1
134,20261003,2
134,20261010,2
134,20261017,2
134,20261024,2
134,20261031,2
134,20261107,2
134,20261114,2
134,20261117,1
134,20261121,2
134,20261128,2
134,20261205,2
135,20260718,2
135,20260725,2
135,20260801,2
135,20260808,2
135,20260815,2
135,20260822,2
135,20260829,2
135,20260905,2
135,20260912,2
135,20260919,2
135,20260926,2
135,20260928,1
135,20261003,2
135,20261010,2
135,20261017,2
135,20261024,2
135,20261031,2
135,20261107,2
135,20261114,2
135,20261121,2
135,20261128,2
135,20261205,2
136,20260718,2
136,20260725,2
136,20260801,2
136,20260808,2
136,20260815,2
136,20260816,2
136,20260822,2
136,20260823,2
136,20260829,2
136,20260830,2
136,20260905,2
136,20260906,2
136,20260912,2
136,20260913,2
136,20260919,2
136,20260920,2
136,20260926,2
136,20260927,2
136,20261003,2
136,20261004,2
136,20261010,2
136,20261011,2
136,20261017,2
136,20261018,2
136,20261024,2
136,20261031,2
136,20261107,2
136,20261114,2
136,20261121,2
136,20261128,2
136,20261205,2
137,20260718,2
137,20260725,2
137,20260801,2
137,20260808,2
137,20260815,2
137,20260816,2
137,20260822,2
137,20260823,2
137,20260829,2
137,20260830,2
137,20260905,2
137,20260906,2
137,20260912,2
137,20260913,2
137,20260919,2
137,20260920,2
137,20260926,2
137,20260927,2
137,20261003,2
137,20261004,2
137,20261010,2
137,20261011,2
137,20261017,2
137,20261018,2
137,20261024,2
137,20261028,1
137,20261031,2
137,20261107,2
137,20261114,2
137,20261117,1
137,20261121,2
137,20261128,2
137,20261205,2
138,20260718,2
138,20260725,2
138,20260726,2
138,20260801,2
138,20260808,2
138,20260815,2
138,20260822,2
138,20260829,2
138,20260905,2
138,20260912,2
138,20260919,2
138,20260926,2
138,20260928,1
138,20261003,2
138,20261010,2
138,20261017,2
138,20261024,2
138,20261031,2
138,20261107,2
138,20261114,2
138,20261121,2
138,20261128,2
138,20261205,2
139,20260718,2
139,20260719,2
139,20260725,2
139,20260801,2
139,20260808,2
139,20260809,2
139,20260815,2
139,20260816,2
139,20260822,2
139,20260829,2
139,20260905,2
139,20260912,2
139,20260919,2
139,20260926,2
139,20260927,2
139,20260928,1
139,20261003,2
139,20261010,2
139,20261017,2
139,20261024,2
139,20261028,1
139,20261031,2
139,20261107,2
139,20261114,2
139,20261117,1
139,20261121,2
139,20261128,2
139,20261205,2
141,20260718,2
141,20260725,2
143,20260718,2
143,20260725,2
143,20260801,2
143,20260808,2
143,20260815,2
143,20260822,2
143,20260829,2
143,20260905,2
143,20260912,2
143,20260919,2
143,20260926,2
143,20260927,2
143,20260928,1
143,20261003,2
143,20261010,2
143,20261017,2
143,20261024,2
143,20261031,2
143,20261107,2
143,20261114,2
143,20261121,2
143,20261128,2
143,20261205,2
144,20260718,2
144,20260725,2
144,20260801,2
144,20260808,2
144,20260815,2
144,20260822,2
144,20260829,2
144,20260905,2
144,20260912,2
144,20260919,2
144,20260926,2
144,20260928,1
144,20261003,2
144,20261010,2
144,20261017,2
144,20261024,2
144,20261031,2
144,20261107,2
144,20261114,2
145,20260718,2
145,20260725,2
145,20260801,2
145,20260808,2
145,20260815,2
145,20260822,2
145,20260829,2
145,20260905,2
145,20260912,2
145,20260919,2
145,20260926,2
145,20260927,2
145,20261003,2
145,20261010,2
145,20261017,2
145,20261024,2
145,20261031,2
145,20261107,2
145,20261114,2
145,20261117,1
146,20260718,2
146,20260725,2
146,20260801,2
146,20260808,2
146,20260815,2
146,20260822,2
146,20260829,2
146,20260905,2
146,20260912,2
146,20260919,2
146,20260926,2
146,20260928,1
146,20261003,2
146,20261010,2
146,20261017,2
146,20261024,2
146,20261028,1
146,20261031,2
146,20261107,2
146,20261114,2
146,20261117,1
146,20261121,2
146,20261128,2
146,20261205,2
147,20260718,2
147,20260719,2
147,20260725,2
147,20260726,2
147,20260801,2
147,20260802,2
147,20260808,2
147,20260809,2
147,20260815,2
147,20260816,2
147,20260822,2
147,20260823,2
147,20260829,2
147,20260905,2
147,20260912,2
147,20260919,2
147,20260926,2
147,20260927,2
147,20260928,1
147,20261003,2
147,20261010,2
147,20261017,2
147,20261024,2
147,20261028,1
147,20261031,2
147,20261107,2
147,20261114,2
147,20261117,1
147,20261121,2
147,20261128,2
147,20261205,2
148,20260718,2
148,20260719,2
148,20260725,2
148,20260726,2
148,20260801,2
148,20260802,2
148,20260808,2
148,20260809,2
148,20260815,2
148,20260816,2
148,20260822,2
148,20260823,2
148,20260829,2
148,20260905,2
148,20260912,2
148,20260919,2
148,20260926,2
148,20260928,1
148,20261003,2
148,20261010,2
148,20261017,2
148,20261024,2
148,20261031,2
148,20261107,2
148,20261114,2
148,20261121,2
148,20261128,2
148,20261205,2
149,20260718,2
149,20260725,2
149,20260801,2
149,20260808,2
149,20260815,2
149,20260822,2
149,20260829,2
149,20260905,2
149,20260912,2
149,20260919,2
149,20260926,2
149,20260927,2
149,20260928,1
149,20261003,2
149,20261010,2
149,20261017,2
149,20261024,2
149,20261028,1
149,20261031,2
149,20261107,2
149,20261114,2
149,20261115,2
149,20261117,1
149,20261121,2
149,20261128,2
149,20261205,2
150,20260718,2
150,20260719,2
150,20260725,2
150,20260801,2
150,20260808,2
150,20260815,2
150,20260822,2
150,20260829,2
150,20260905,2
150,20260912,2
150,20260919,2
150,20260926,2
150,20260927,2
150,20260928,1
150,20261003,2
150,20261010,2
150,20261017,2
150,20261024,2
150,20261031,2
150,20261107,2
150,20261114,2
150,20261121,2
150,20261128,2
150,20261205,2
151,20260718,2
151,20260725,2
151,20260801,2
151,20260808,2
151,20260815,2
151,20260822,2
151,20260829,2
151,20260905,2
151,20260912,2
151,20260919,2
151,20260926,2
151,20260927,2
151,20260928,1
151,20261003,2
151,20261010,2
151,20261017,2
151,20261024,2
151,20261028,1
151,20261031,2
151,20261107,2
151,20261114,2
151,20261117,1
152,20260718,2
152,20260725,2
152,20260801,2
152,20260802,2
152,20260808,2
152,20260809,2
152,20260815,2
152,20260822,2
152,20260829,2
152,20260905,2
152,20260912,2
152,20260919,2
153,20260718,2
153,20260725,2
153,20260801,2
154,20260718,2
155,20260718,2
155,20260725,2
155,20260801,2
155,20260808,2
155,20260815,2
155,20260822,2
155,20260829,2
155,20260905,2
155,20260912,2
155,20260919,2
156,20260718,2
156,20260725,2
156,20260801,2
156,20260808,2
156,20260815,2
156,20260822,2
156,20260829,2
156,20260905,2
156,20260912,2
156,20260919,2
156,20260926,2
156,20260927,2
156,20260928,1
157,20260718,2
157,20260725,2
157,20260801,2
157,20260808,2
157,20260815,2
157,20260822,2
157,20260829,2
157,20260905,2
157,20260912,2
157,20260919,2
157,20260926,2
157,20261003,2
157,20261010,2
157,20261017,2
157,20261024,2
157,20261031,2
157,20261107,2
157,20261114,2
157,20261121,2
157,20261128,2
157,20261205,2
158,20260718,2
158,20260725,2
158,20260801,2
158,20260808,2
158,20260815,2
158,20260822,2
158,20260829,2
158,20260905,2
158,20260912,2
158,20260919,2
158,20260926,2
158,20260927,2
158,20260928,1
158,20261003,2
158,20261010,2
158,20261017,2
158,20261024,2
159,20260718,2
159,20260725,2
159,20260801,2
159,20260808,2
159,20260815,2
159,20260822,2
159,20260829,2
159,20260905,2
159,20260912,2
159,20260919,2
159,20260926,2
159,20260928,1
159,20261003,2
159,20261010,2
159,20261017,2
159,20261024,2
160,20260718,2
160,20260725,2
160,20260801,2
160,20260808,2
160,20260815,2
160,20260822,2
160,20260829,2
160,20260905,2
160,20260912,2
160,20260919,2
160,20260926,2
160,20260927,2
160,20261003,2
160,20261010,2
160,20261017,2
160,20261024,2
160,20261031,2
160,20261107,2
160,20261114,2
160,20261121,2
160,20261128,2
160,20261205,2
161,20260718,2
161,20260725,2
161,20260726,2
161,20260801,2
161,20260808,2
161,20260815,2
161,20260822,2
161,20260829,2
161,20260905,2
161,20260912,2
161,20260919,2
161,20260926,2
161,20260927,2
161,20260928,1
161,20261003,2
161,20261010,2
161,20261017,2
161,20261024,2
161,20261028,1
161,20261031,2
161,20261107,2
161,20261114,2
161,20261117,1
161,20261121,2
161,20261128,2
161,20261205,2
162,20260718,2
162,20260725,2
162,20260801,2
162,20260808,2
162,20260815,2
162,20260822,2
162,20260829,2
162,20260905,2
162,20260912,2
162,20260919,2
162,20260926,2
162,20260927,2
162,20260928,1
162,20261003,2
164,20260717,2
164,20260724,2
164,20260731,2
164,20260807,2
164,20260813,2
164,20260814,2
164,20260817,2
164,20260818,2
164,20260819,2
164,20260820,2
164,20260821,2
164,20260824,2
164,20260825,2
164,20260826,2
164,20260827,2
164,20260828,2
164,20260831,2
164,20260901,2
164,20260902,2
164,20260903,2
164,20260904,2
164,20260907,2
164,20260908,2
164,20260909,2
164,20260910,2
164,20260911,2
164,20260914,2
164,20260915,2
164,20260916,2
164,20260917,2
164,20260918,2
164,20260921,2
164,20260922,2
164,20260923,2
164,20260924,2
164,20260925,2
164,20260928,2
164,20260929,2
164,20260930,2
164,20261001,2
164,20261002,2
164,20261005,2
164,20261006,2
164,20261007,2
164,20261008,2
164,20261009,2
164,20261012,2
164,20261013,2
164,20261014,2
164,20261015,2
164,20261016,2
164,20261019,2
164,20261020,2
164,20261021,2
164,20261023,2
164,20261027,2
164,20261028,2
164,20261030,2
164,20261106,2
164,20261113,2
164,20261116,2
164,20261117,2
164,20261120,2
164,20261127,2
164,20261204,2
165,20260714,2
165,20260715,2
165,20260716,2
165,20260717,2
165,20260720,2
165,20260721,2
165,20260722,2
165,20260723,2
165,20260724,2
165,20260728,2
165,20260729,2
165,20260730,2
165,20260731,2
165,20260804,2
165,20260805,2
165,20260806,2
165,20260807,2
165,20260811,2
165,20260812,2
165,20260813,2
165,20260814,2
165,20260818,2
165,20260819,2
165,20260820,2
165,20260821,2
165,20260825,2
165,20260826,2
165,20260827,2
165,20260828,2
165,20260901,2
165,20260902,2
165,20260903,2
165,20260904,2
165,20260908,2
165,20260909,2
165,20260910,2
165,20260911,2
165,20260915,2
165,20260916,2
165,20260917,2
165,20260918,2
165,20260922,2
165,20260923,2
165,20260924,2
165,20260925,2
165,20260928,2
165,20260930,2
165,20261001,2
165,20261002,2
165,20261006,2
165,20261007,2
165,20261008,2
165,20261009,2
165,20261013,2
165,20261014,2
165,20261015,2
165,20261016,2
165,20261020,2
165,20261021,2
165,20261022,2
165,20261023,2
165,20261027,2
165,20261028,2
165,20261030,2
165,20261103,2
165,20261104,2
165,20261105,2
165,20261106,2
165,20261110,2
165,20261111,2
165,20261112,2
165,20261113,2
165,20261117,2
165,20261119,2
165,20261120,2
165,20261124,2
165,20261125,2
165,20261126,2
165,20261127,2
165,20261201,2
165,20261202,2
165,20261203,2
165,20261204,2
166,20260717,2
166,20260724,2
166,20260731,2
166,20260807,2
166,20260814,2
166,20260821,2
166,20260828,2
166,20260904,2
166,20260911,2
166,20260918,2
166,20260925,2
166,20260928,2
166,20261002,2
166,20261009,2
166,20261016,2
166,20261023,2
166,20261027,2
166,20261028,2
166,20261030,2
166,20261106,2
166,20261113,2
166,20261116,2
166,20261117,2
166,20261120,2
166,20261127,2
166,20261204,2
167,20260714,2
167,20260715,2
167,20260716,2
167,20260717,2
167,20260721,2
167,20260722,2
167,20260723,2
167,20260724,2
167,20260728,2
167,20260729,2
167,20260730,2
167,20260731,2
167,20260804,2
167,20260805,2
167,20260806,2
167,20260807,2
167,20260811,2
167,20260812,2
167,20260813,2
167,20260814,2
167,20260818,2
167,20260819,2
167,20260820,2
167,20260821,2
167,20260825,2
167,20260826,2
167,20260827,2
167,20260828,2
167,20260901,2
167,20260902,2
167,20260903,2
167,20260904,2
167,20260908,2
167,20260909,2
167,20260910,2
167,20260911,2
167,20260915,2
167,20260916,2
167,20260917,2
167,20260918,2
167,20260922,2
167,20260923,2
167,20260924,2
167,20260925,2
167,20260928,2
167,20260930,2
167,20261001,2
167,20261002,2
167,20261006,2
167,20261007,2
167,20261008,2
167,20261009,2
167,20261013,2
167,20261014,2
167,20261015,2
167,20261016,2
167,20261020,2
167,20261021,2
167,20261022,2
167,20261023,2
167,20261027,2
167,20261028,2
167,20261030,2
167,20261103,2
167,20261104,2
167,20261105,2
167,20261106,2
167,20261110,2
167,20261111,2
167,20261112,2
167,20261113,2
167,20261117,2
167,20261119,2
167,20261120,2
167,20261124,2
167,20261125,2
167,20261126,2
167,20261127,2
167,20261201,2
167,20261202,2
167,20261203,2
167,20261204,2
168,20260717,2
168,20260724,2
168,20260731,2
168,20260807,2
168,20260814,2
168,20260821,2
168,20260828,2
168,20260928,2
168,20261028,2
168,20261117,2
169,20260717,2
169,20260724,2
169,20260730,2
169,20260731,2
169,20260803,2
169,20260804,2
172,20260717,2
172,20260724,2
172,20260731,2
172,20260807,2
172,20260814,2
172,20260821,2
173,20260717,2
173,20260724,2
173,20260731,2
173,20260807,2
173,20260814,2
173,20260821,2
173,20260828,2
173,20260904,2
173,20260911,2
173,20260918,2
173,20260925,2
173,20260928,2
173,20261002,2
173,20261009,2
173,20261016,2
173,20261023,2
173,20261028,2
173,20261030,2
173,20261106,2
173,20261113,2
173,20261117,2
173,20261120,2
173,20261127,2
173,20261204,2
174,20260716,2
174,20260717,2
174,20260723,2
174,20260724,2
174,20260730,2
174,20260731,2
174,20260806,2
174,20260807,2
174,20260813,2
174,20260814,2
174,20260820,2
174,20260821,2
174,20260827,2
174,20260828,2
174,20260903,2
174,20260904,2
174,20260910,2
174,20260911,2
174,20260917,2
174,20260918,2
174,20260924,2
174,20260925,2
174,20260928,2
174,20261001,2
174,20261002,2
174,20261008,2
174,20261009,2
174,20261015,2
174,20261016,2
174,20261022,2
174,20261023,2
174,20261028,2
174,20261029,2
174,20261030,2
174,20261105,2
174,20261106,2
174,20261112,2
174,20261113,2
174,20261117,2
174,20261119,2
174,20261120,2
174,20261126,2
174,20261127,2
174,20261203,2
174,20261204,2
175,20260717,2
175,20260724,2
175,20260731,2
175,20260805,2
175,20260806,2
175,20260807,2
175,20260814,2
175,20260821,2
175,20260828,2
175,20260904,2
175,20260911,2
175,20260918,2
175,20260925,2
175,20260928,2
175,20261002,2
175,20261009,2
175,20261016,2
175,20261023,2
175,20261027,2
175,20261028,2
175,20261030,2
175,20261106,2
175,20261113,2
175,20261116,2
175,20261117,2
175,20261120,2
175,20261127,2
175,20261204,2
176,20260714,2
176,20260715,2
176,20260716,2
176,20260717,2
176,20260721,2
176,20260722,2
176,20260723,2
176,20260724,2
176,20260728,2
176,20260729,2
176,20260730,2
176,20260731,2
176,20260804,2
176,20260805,2
176,20260806,2
176,20260807,2
176,20260811,2
176,20260812,2
176,20260813,2
176,20260814,2
176,20260818,2
176,20260819,2
176,20260820,2
176,20260821,2
176,20260825,2
176,20260826,2
176,20260827,2
176,20260828,2
178,20260730,2
180,20260717,2
180,20260724,2
180,20260731,2
180,20260807,2
180,20260814,2
180,20260821,2
180,20260828,2
181,20260928,2
181,20261028,2
181,20261117,2
183,20260901,2
183,20260902,2
183,20260903,2
183,20260904,2
183,20260907,2
183,20260908,2
183,20260909,2
183,20260910,2
183,20260911,2
183,20260914,2
183,20260915,2
183,20260916,2
183,20260917,2
183,20260918,2
183,20260921,2
183,20260922,2
183,20260923,2
183,20260924,2
183,20260925,2
183,20260928,2
183,20260929,2
183,20260930,2
183,20261001,2
183,20261002,2
183,20261005,2
183,20261006,2
183,20261007,2
183,20261008,2
183,20261009,2
183,20261012,2
183,20261013,2
183,20261014,2
183,20261015,2
183,20261016,2
183,20261019,2
183,20261020,2
183,20261021,2
183,20261022,2
183,20261023,2
183,20261026,2
183,20261027,2
183,20261028,2
184,20260720,2
184,20260721,2
184,20260722,2
184,20260723,2
184,20260724,2
185,20260717,2
185,20260724,2
185,20260731,2
185,20260807,2
185,20260814,2
185,20260821,2
185,20260828,2
185,20260901,2
185,20260902,2
185,20260903,2
185,20260904,2
185,20260907,2
185,20260908,2
185,20260909,2
185,20260910,2
185,20260911,2
185,20260914,2
185,20260915,2
185,20260916,2
185,20260917,2
185,20260918,2
185,20260921,2
185,20260922,2
185,20260923,2
185,20260924,2
185,20260925,2
185,20260928,2
185,20260929,2
185,20260930,2
185,20261001,2
185,20261002,2
185,20261005,2
185,20261006,2
185,20261007,2
185,20261008,2
185,20261009,2
185,20261012,2
185,20261013,2
185,20261014,2
185,20261015,2
185,20261016,2
185,20261019,2
185,20261020,2
185,20261021,2
185,20261022,2
185,20261023,2
185,20261026,2
185,20261027,2
185,20261028,2
186,20260717,2
186,20260724,2
188,20260717,2
188,20260724,2
188,20260731,2
188,20260807,2
188,20260814,2
188,20260821,2
190,20260717,2
190,20260720,2
190,20260724,2
190,20260727,2
190,20260731,2
190,20260803,2
190,20260807,2
190,20260810,2
190,20260814,2
190,20260817,2
191,20260717,2
191,20260720,2
191,20260724,2
191,20260727,2
192,20260715,2
192,20260717,2
192,20260720,2
192,20260722,2
192,20260724,2
192,20260727,2
192,20260729,2
192,20260731,2
192,20260803,2
192,20260805,2
192,20260807,2
192,20260810,2
192,20260812,2
192,20260814,2
192,20260817,2
192,20260819,2
195,20260803,2
195,20260804,2
195,20260805,2
195,20260806,2
195,20260807,2
195,20260810,2
195,20260811,2
195,20260812,2
195,20260813,2
195,20260814,2
196,20260928,2
196,20261026,2
196,20261028,2
196,20261117,2
196,20261208,2
197,20260928,2
197,20261028,2
197,20261117,2
199,20260901,2
199,20260902,2
199,20260903,2
199,20260904,2
199,20260907,2
199,20260908,2
199,20260909,2
199,20260910,2
199,20260911,2
199,20260914,2
199,20260915,2
199,20260916,2
199,20260917,2
199,20260918,2
199,20260921,2
199,20260922,2
199,20260923,2
199,20260924,2
199,20260925,2
199,20260928,2
199,20260929,2
199,20260930,2
199,20261001,2
199,20261002,2
199,20261005,2
199,20261006,2
199,20261007,2
199,20261008,2
199,20261009,2
199,20261012,2
199,20261013,2
199,20261014,2
199,20261015,2
199,20261016,2
199,20261019,2
199,20261020,2
199,20261021,2
199,20261022,2
199,20261023,2
199,20261026,2
199,20261027,2
199,20261028,2
200,20260720,2
200,20260721,2
200,20260722,2
200,20260723,2
200,20260727,2
200,20260728,2
200,20260729,2
200,20260730,2
200,20260803,2
200,20260804,2
200,20260805,2
200,20260806,2
200,20260810,2
200,20260811,2
200,20260812,2
200,20260813,2
200,20260817,2
200,20260818,2
200,20260819,2
200,20260820,2
201,20260719,2
201,20260726,2
201,20260802,2
201,20260809,2
201,20260816,2
202,20260720,2
202,20260727,2
202,20260803,2
202,20260810,2
202,20260817,2
204,20260725,2
204,20260726,2
204,20260801,2
204,20260802,2
207,20260725,2
207,20260726,2
207,20260801,2
207,20260802,2
207,20260808,2
207,20260815,2
208,20260719,2
209,20260928,1
210,20260719,2
210,20260726,2
210,20260802,2
210,20260809,2
210,20260816,2
210,20260823,2
210,20260830,2
210,20260906,2
210,20260913,2
210,20260920,2
210,20261004,2
210,20261011,2
210,20261018,2
211,20260719,2
211,20260726,2
211,20260802,2
211,20260809,2
211,20260816,2
211,20260823,2
211,20260830,2
211,20260906,2
211,20260913,2
211,20260920,2
211,20261004,2
211,20261011,2
211,20261018,2
211,20261025,2
211,20261101,2
211,20261108,2
211,20261115,2
211,20261122,2
211,20261129,2
211,20261206,2
212,20260719,2
212,20260726,2
212,20260802,2
212,20260809,2
212,20260815,2
212,20260816,2
212,20260823,2
212,20260830,2
212,20260906,2
212,20260913,2
212,20260920,2
212,20260927,2
212,20260928,1
212,20261004,2
212,20261011,2
212,20261018,2
212,20261025,2
212,20261028,1
212,20261101,2
212,20261108,2
212,20261115,2
212,20261117,1
212,20261122,2
212,20261129,2
212,20261206,2
213,20260928,1
213,20261028,1
213,20261117,1
216,20260725,2
216,20260801,2
216,20260808,2
216,20260815,2
216,20260822,2
217,20260726,2
217,20260802,2
217,20260809,2
217,20260816,2
217,20260823,2
219,20260725,2
219,20260726,2
219,20260801,2
219,20260802,2
219,20260808,2
219,20260815,2
220,20260725,2
220,20260801,2
220,20260808,2
220,20260815,2
220,20260822,2
220,20260829,2
220,20260905,2
220,20260912,2
220,20260919,2
220,20260926,2
220,20260927,2
220,20260928,1
220,20261003,2
220,20261010,2
220,20261017,2
220,20261024,2
221,20260725,2
221,20260801,2
221,20260808,2
221,20260815,2
221,20260822,2
221,20260829,2
221,20260905,2
221,20260912,2
221,20260919,2
221,20260926,2
221,20260927,2
221,20260928,1
221,20261003,2
221,20261010,2
221,20261017,2
221,20261024,2
221,20261028,1
221,20261031,2
221,20261107,2
221,20261114,2
221,20261117,1
221,20261121,2
221,20261128,2
221,20261205,2
222,20260725,2
222,20260801,2
222,20260808,2
222,20260815,2
222,20260822,2
222,20260829,2
222,20260905,2
222,20260912,2
222,20260919,2
222,20260926,2
222,20260927,2
222,20261003,2
222,20261010,2
222,20261017,2
222,20261024,2
222,20261031,2
222,20261107,2
222,20261114,2
222,20261121,2
222,20261128,2
222,20261205,2
224,20260901,2
224,20260902,2
224,20260903,2
224,20260904,2
224,20260907,2
224,20260908,2
224,20260909,2
224,20260910,2
224,20260911,2
224,20260914,2
224,20260915,2
224,20260916,2
224,20260917,2
224,20260918,2
224,20260921,2
224,20260922,2
224,20260923,2
224,20260924,2
224,20260925,2
224,20260928,2
224,20260929,2
224,20260930,2
224,20261001,2
224,20261002,2
224,20261005,2
224,20261006,2
224,20261007,2
224,20261008,2
224,20261009,2
224,20261012,2
224,20261013,2
224,20261014,2
224,20261015,2
224,20261016,2
224,20261019,2
224,20261020,2
224,20261021,2
224,20261022,2
224,20261023,2
224,20261026,2
224,20261027,2
224,20261028,2
225,20260928,2
225,20261028,2
225,20261117,2
230,20260928,1
230,20261028,1
230,20261117,1
231,20260726,2
231,20260802,2
231,20260809,2
231,20260816,2
231,20260823,2
231,20260830,2
231,20260906,2
231,20260913,2
231,20260920,2
231,20261004,2
231,20261011,2
231,20261018,2
231,20261025,2
231,20261101,2
231,20261108,2
231,20261115,2
231,20261122,2
231,20261129,2
231,20261206,2
232,20260726,2
232,20260802,2
232,20260808,2
232,20260809,2
232,20260815,2
232,20260816,2
232,20260823,2
232,20260830,2
232,20260906,2
232,20260913,2
232,20260920,2
235,20260801,2
235,20260808,2
235,20260815,2
235,20260822,2
235,20260829,2
235,20260905,2
235,20260912,2
235,20260919,2
235,20260926,2
235,20260927,2
235,20260928,1
235,20261003,2
235,20261010,2
235,20261017,2
235,20261024,2
235,20261028,1
235,20261031,2
235,20261107,2
235,20261114,2
235,20261117,1
235,20261121,2
235,20261128,2
235,20261205,2
236,20260801,2
236,20260808,2
236,20260815,2
236,20260822,2
236,20260829,2
236,20260905,2
236,20260912,2
236,20260919,2
236,20260926,2
236,20260928,1
236,20261003,2
236,20261010,2
236,20261017,2
236,20261024,2
236,20261028,1
236,20261031,2
236,20261107,2
236,20261114,2
236,20261117,1
236,20261121,2
236,20261128,2
236,20261205,2
239,20260928,2
239,20261028,2
239,20261117,2
242,20260730,2
243,20260729,2
243,20260731,2
243,20260803,2
243,20260804,2
243,20260805,2
243,20260806,2
243,20260807,2
243,20260810,2
243,20260811,2
243,20260812,2
243,20260813,2
243,20260814,2
243,20260817,2
243,20260818,2
245,20260805,2
245,20260806,2
245,20260928,2
245,20261028,2
245,20261117,2
246,20260731,2
246,20260805,2
246,20260806,2
246,20260807,2
246,20260814,2
246,20260821,2
246,20260828,2
246,20260904,2
246,20260911,2
246,20260918,2
246,20260925,2
246,20260928,2
246,20261002,2
246,20261009,2
246,20261016,2
246,20261023,2
246,20261027,2
246,20261028,2
246,20261030,2
246,20261106,2
246,20261113,2
246,20261116,2
246,20261117,2
246,20261120,2
246,20261127,2
246,20261204,2
248,20260803,2
248,20260804,2
248,20260805,2
248,20260806,2
248,20260810,2
248,20260811,2
248,20260812,2
248,20260813,2
248,20260817,2
248,20260818,2
248,20260819,2
248,20260820,2
248,20260824,2
248,20260825,2
248,20260826,2
248,20260827,2
248,20260831,2
248,20260901,2
248,20260902,2
248,20260903,2
248,20260907,2
248,20260908,2
248,20260909,2
248,20260910,2
248,20260914,2
248,20260915,2
248,20260916,2
248,20260917,2
248,20260921,2
248,20260922,2
248,20260923,2
248,20260924,2
248,20260928,2
248,20260929,2
248,20260930,2
248,20261001,2
248,20261005,2
248,20261006,2
248,20261007,2
248,20261008,2
248,20261012,2
248,20261013,2
248,20261014,2
248,20261015,2
248,20261019,2
248,20261020,2
248,20261021,2
248,20261022,2
248,20261026,2
248,20261028,2
248,20261029,2
248,20261102,2
248,20261103,2
248,20261104,2
248,20261105,2
248,20261109,2
248,20261110,2
248,20261111,2
248,20261112,2
248,20261117,2
248,20261118,2
248,20261119,2
248,20261123,2
248,20261124,2
248,20261125,2
248,20261126,2
248,20261130,2
248,20261201,2
248,20261202,2
248,20261203,2
248,20261207,2
248,20261208,2
248,20261209,2
248,20261210,2
249,20260803,2
249,20260804,2
249,20260805,2
249,20260806,2
249,20260807,2
250,20260813,2
250,20260814,2
250,20260817,2
250,20260818,2
250,20260819,2
250,20260820,2
250,20260821,2
250,20260824,2
250,20260825,2
250,20260826,2
250,20260827,2
250,20260828,2
250,20260831,2
250,20260901,2
250,20260902,2
250,20260903,2
250,20260904,2
250,20260907,2
250,20260908,2
250,20260909,2
250,20260910,2
250,20260911,2
250,20260914,2
250,20260915,2
250,20260916,2
250,20260917,2
250,20260918,2
250,20260921,2
250,20260922,2
250,20260923,2
250,20260924,2
250,20260925,2
250,20260928,2
250,20260929,2
250,20260930,2
250,20261001,2
250,20261002,2
250,20261005,2
250,20261006,2
250,20261007,2
250,20261008,2
250,20261009,2
250,20261012,2
250,20261013,2
250,20261014,2
250,20261015,2
250,20261016,2
250,20261019,2
250,20261020,2
250,20261021,2
250,20261022,2
250,20261023,2
250,20261026,2
250,20261027,2
250,20261028,2
251,20260928,2
251,20261028,2
254,20260813,2
254,20260814,2
254,20260817,2
254,20260818,2
254,20260819,2
254,20260820,2
254,20260821,2
254,20260824,2
254,20260825,2
254,20260826,2
254,20260827,2
254,20260828,2
254,20260831,2
254,20260901,2
254,20260902,2
254,20260903,2
254,20260904,2
254,20260907,2
254,20260908,2
254,20260909,2
254,20260910,2
254,20260911,2
254,20260914,2
254,20260915,2
254,20260916,2
254,20260917,2
254,20260918,2
254,20260921,2
254,20260922,2
254,20260923,2
254,20260924,2
254,20260925,2
254,20260928,2
254,20260929,2
254,20260930,2
254,20261001,2
254,20261002,2
254,20261005,2
254,20261006,2
254,20261007,2
254,20261008,2
254,20261009,2
254,20261012,2
254,20261013,2
254,20261014,2
254,20261015,2
254,20261016,2
254,20261019,2
254,20261020,2
254,20261021,2
254,20261028,2
256,20260802,2
256,20260809,2
256,20260816,2
256,20260823,2
256,20260830,2
256,20260906,2
256,20260913,2
256,20260920,2
256,20260927,2
256,20261004,2
256,20261011,2
256,20261018,2
256,20261025,2
256,20261101,2
256,20261108,2
256,20261115,2
256,20261122,2
256,20261129,2
256,20261206,2
257,20260928,1
257,20261028,1
258,20260802,2
258,20260815,2
258,20260816,2
258,20260822,2
258,20260823,2
258,20260829,2
258,20260830,2
258,20260905,2
258,20260906,2
258,20260912,2
258,20260913,2
258,20260919,2
258,20260920,2
258,20260926,2
258,20260927,2
258,20261003,2
258,20261004,2
258,20261010,2
258,20261011,2
258,20261017,2
258,20261018,2
258,20261028,1
260,20260928,1
260,20261028,1
260,20261117,1
261,20260808,2
261,20260809,2
261,20260815,2
261,20260816,2
261,20260822,2
261,20260829,2
261,20260905,2
261,20260912,2
261,20260919,2
261,20260926,2
261,20260927,2
261,20260928,1
261,20261003,2
261,20261010,2
261,20261017,2
261,20261024,2
261,20261028,1
261,20261031,2
261,20261107,2
261,20261114,2
261,20261117,1
261,20261121,2
261,20261128,2
261,20261205,2
262,20260808,2
262,20260815,2
262,20260822,2
262,20260829,2
262,20260905,2
262,20260912,2
262,20260919,2
262,20260926,2
262,20260927,2
262,20260928,1
262,20261003,2
262,20261010,2
262,20261017,2
262,20261024,2
262,20261031,2
262,20261107,2
262,20261114,2
262,20261121,2
262,20261128,2
262,20261205,2
263,20260815,2
263,20260816,2
263,20260822,2
263,20260823,2
263,20260829,2
263,20260830,2
263,20260905,2
263,20260906,2
263,20260912,2
263,20260913,2
263,20260919,2
263,20260920,2
263,20260926,2
263,20260927,2
263,20261003,2
263,20261004,2
263,20261010,2
263,20261011,2
263,20261017,2
263,20261018,2
263,20261028,1
268,20260928,2
268,20261028,2
269,20260804,2
269,20260805,2
269,20260806,2
269,20260811,2
269,20260812,2
269,20260813,2
269,20260818,2
269,20260819,2
269,20260820,2
271,20260807,2
271,20260814,2
271,20260821,2
271,20260828,2
271,20260904,2
271,20260911,2
271,20260918,2
271,20260925,2
271,20260928,2
271,20261002,2
271,20261009,2
271,20261016,2
271,20261023,2
271,20261027,2
271,20261028,2
271,20261030,2
271,20261106,2
271,20261113,2
271,20261116,2
271,20261117,2
271,20261120,2
271,20261127,2
271,20261204,2
273,20260928,2
273,20261028,2
273,20261117,2
274,20260901,2
274,20260902,2
274,20260903,2
274,20260904,2
274,20260907,2
274,20260908,2
274,20260909,2
274,20260910,2
274,20260911,2
274,20260914,2
274,20260915,2
274,20260916,2
274,20260917,2
274,20260918,2
274,20260921,2
274,20260922,2
274,20260923,2
274,20260924,2
274,20260925,2
274,20260928,2
274,20260929,2
274,20260930,2
274,20261001,2
274,20261002,2
274,20261005,2
274,20261006,2
274,20261007,2
274,20261008,2
274,20261009,2
274,20261012,2
274,20261013,2
274,20261014,2
274,20261015,2
274,20261016,2
274,20261019,2
274,20261020,2
274,20261021,2
274,20261022,2
274,20261023,2
274,20261026,2
274,20261027,2
274,20261028,2
275,20260807,2
275,20260810,2
275,20260814,2
275,20260817,2
278,20260928,2
278,20261028,2
278,20261117,2
280,20260901,2
280,20260902,2
280,20260903,2
280,20260904,2
280,20260907,2
280,20260908,2
280,20260909,2
280,20260910,2
280,20260911,2
280,20260914,2
280,20260915,2
280,20260916,2
280,20260917,2
280,20260918,2
280,20260921,2
280,20260922,2
280,20260923,2
280,20260924,2
280,20260925,2
280,20260928,2
280,20260929,2
280,20260930,2
280,20261001,2
280,20261002,2
280,20261005,2
280,20261006,2
280,20261007,2
280,20261008,2
280,20261009,2
280,20261012,2
280,20261013,2
280,20261014,2
280,20261015,2
280,20261016,2
280,20261019,2
280,20261020,2
280,20261021,2
280,20261022,2
280,20261023,2
280,20261026,2
280,20261027,2
280,20261028,2
281,20260810,2
281,20260811,2
281,20260812,2
281,20260813,2
281,20260817,2
281,20260818,2
281,20260819,2
281,20260820,2
281,20260824,2
281,20260825,2
281,20260826,2
281,20260827,2
281,20260831,2
281,20260901,2
281,20260902,2
281,20260903,2
281,20260907,2
281,20260908,2
281,20260909,2
281,20260910,2
281,20260914,2
281,20260915,2
281,20260916,2
281,20260917,2
281,20260921,2
281,20260922,2
281,20260923,2
281,20260924,2
281,20260928,2
281,20260929,2
281,20260930,2
281,20261001,2
281,20261005,2
281,20261006,2
281,20261007,2
281,20261008,2
281,20261012,2
281,20261013,2
281,20261014,2
281,20261015,2
281,20261019,2
281,20261020,2
281,20261021,2
281,20261022,2
281,20261026,2
281,20261028,2
281,20261029,2
281,20261102,2
281,20261103,2
281,20261104,2
281,20261105,2
281,20261109,2
281,20261110,2
281,20261111,2
281,20261112,2
281,20261117,2
281,20261118,2
281,20261119,2
281,20261123,2
281,20261124,2
281,20261125,2
281,20261126,2
281,20261130,2
281,20261201,2
281,20261202,2
281,20261203,2
281,20261207,2
281,20261208,2
281,20261209,2
281,20261210,2
283,20260809,2
284,20260815,2
285,20260809,2
285,20260816,2
285,20260823,2
285,20260830,2
285,20260906,2
285,20260913,2
285,20260920,2
285,20261004,2
285,20261011,2
285,20261018,2
285,20261025,2
285,20261101,2
285,20261108,2
285,20261115,2
285,20261122,2
285,20261129,2
285,20261206,2
286,20260928,1
286,20261028,1
286,20261117,1
287,20260809,2
287,20260816,2
287,20260822,2
287,20260823,2
287,20260829,2
287,20260830,2
287,20260905,2
287,20260906,2
287,20260912,2
287,20260913,2
287,20260919,2
287,20260920,2
287,20260926,2
288,20260809,2
288,20260816,2
288,20260823,2
288,20260830,2
288,20260906,2
288,20260913,2
288,20260920,2
288,20260927,2
288,20261004,2
288,20261011,2
288,20261018,2
288,20261025,2
288,20261101,2
288,20261108,2
288,20261115,2
288,20261122,2
288,20261129,2
288,20261206,2
289,20260815,2
290,20260815,2
290,20260822,2
290,20260829,2
290,20260905,2
290,20260912,2
290,20260919,2
290,20260926,2
290,20260927,2
290,20260928,1
290,20261003,2
290,20261010,2
290,20261017,2
290,20261024,2
290,20261028,1
290,20261031,2
290,20261107,2
290,20261114,2
290,20261117,1
290,20261121,2
290,20261128,2
290,20261205,2
291,20260815,2
291,20260822,2
291,20260829,2
291,20260905,2
291,20260912,2
291,20260919,2
291,20260926,2
291,20260928,1
292,20260815,2
292,20260822,2
292,20260829,2
292,20260905,2
292,20260912,2
292,20260919,2
292,20260926,2
292,20260927,2
292,20260928,1
292,20261003,2
292,20261010,2
292,20261017,2
292,20261024,2
292,20261031,2
292,20261107,2
292,20261114,2
292,20261121,2
292,20261128,2
292,20261205,2
295,20260928,2
295,20261028,2
295,20261117,2
296,20260901,2
296,20260902,2
296,20260903,2
296,20260904,2
296,20260907,2
296,20260908,2
296,20260909,2
296,20260910,2
296,20260911,2
296,20260914,2
296,20260915,2
296,20260916,2
296,20260917,2
296,20260918,2
296,20260921,2
296,20260922,2
296,20260923,2
296,20260924,2
296,20260925,2
296,20260928,2
296,20260929,2
296,20260930,2
296,20261001,2
296,20261002,2
296,20261005,2
296,20261006,2
296,20261007,2
296,20261008,2
296,20261009,2
296,20261012,2
296,20261013,2
296,20261014,2
296,20261015,2
296,20261016,2
296,20261019,2
296,20261020,2
296,20261021,2
296,20261022,2
296,20261023,2
296,20261026,2
296,20261027,2
296,20261028,2
297,20260928,2
298,20260814,2
298,20260821,2
298,20260828,2
298,20260904,2
298,20260911,2
298,20260918,2
298,20260925,2
298,20260928,2
298,20261002,2
298,20261009,2
298,20261016,2
300,20260928,2
301,20260814,2
301,20260821,2
301,20260828,2
301,20260904,2
301,20260911,2
301,20260918,2
301,20260925,2
301,20260928,2
301,20261002,2
301,20261009,2
301,20261016,2
303,20260817,2
303,20260818,2
303,20260819,2
303,20260820,2
303,20260821,2
304,20260928,2
305,20260817,2
305,20260818,2
305,20260819,2
305,20260820,2
305,20260824,2
305,20260825,2
305,20260826,2
305,20260827,2
305,20260831,2
305,20260901,2
305,20260902,2
305,20260903,2
305,20260907,2
305,20260908,2
305,20260909,2
305,20260910,2
305,20260914,2
305,20260915,2
305,20260916,2
305,20260917,2
305,20260921,2
305,20260922,2
305,20260923,2
305,20260924,2
305,20260928,2
305,20260929,2
305,20260930,2
305,20261001,2
305,20261005,2
305,20261006,2
305,20261007,2
305,20261008,2
305,20261012,2
305,20261013,2
305,20261014,2
305,20261015,2
306,20260928,2
308,20260928,1
309,20260816,2
309,20260823,2
309,20260830,2
309,20260906,2
309,20260913,2
309,20260920,2
309,20260927,2
309,20261004,2
309,20261011,2
310,20260816,2
310,20260823,2
310,20260830,2
310,20260906,2
310,20260913,2
310,20260920,2
310,20261004,2
310,20261011,2
311,20260928,1
311,20261028,1
311,20261117,1
312,20260928,1
312,20261028,1
313,20260822,2
313,20260829,2
313,20260905,2
313,20260912,2
313,20260919,2
313,20260926,2
313,20260927,2
313,20260928,1
313,20261003,2
313,20261010,2
313,20261017,2
314,20260822,2
314,20260829,2
314,20260905,2
314,20260912,2
314,20260919,2
314,20260926,2
314,20260928,1
314,20261003,2
314,20261010,2
314,20261017,2
316,20260824,2
316,20260825,2
316,20260826,2
316,20260827,2
316,20260828,2
317,20260823,2
317,20260830,2
317,20260906,2
317,20260913,2
317,20260920,2
317,20260927,2
319,20260928,2
319,20261028,2
319,20261117,2
320,20260901,2
320,20260902,2
320,20260903,2
320,20260904,2
320,20260907,2
320,20260908,2
320,20260909,2
320,20260910,2
320,20260911,2
320,20260914,2
320,20260915,2
320,20260916,2
320,20260917,2
320,20260918,2
320,20260921,2
320,20260922,2
320,20260923,2
320,20260924,2
320,20260925,2
320,20260928,2
320,20260929,2
320,20260930,2
320,20261001,2
320,20261002,2
320,20261005,2
320,20261006,2
320,20261007,2
320,20261008,2
320,20261009,2
320,20261012,2
320,20261013,2
320,20261014,2
320,20261015,2
320,20261016,2
320,20261019,2
320,20261020,2
320,20261021,2
320,20261022,2
320,20261023,2
320,20261026,2
320,20261027,2
320,20261028,2
321,20260825,2
321,20260826,2
321,20260827,2
321,20260901,2
321,20260902,2
321,20260903,2
321,20260904,2
321,20260907,2
321,20260908,2
321,20260909,2
321,20260910,2
321,20260911,2
321,20260914,2
321,20260915,2
321,20260916,2
321,20260917,2
321,20260918,2
321,20260921,2
321,20260922,2
321,20260923,2
321,20260924,2
321,20260925,2
321,20260928,2
321,20260929,2
321,20260930,2
321,20261001,2
321,20261002,2
321,20261005,2
321,20261006,2
321,20261007,2
321,20261008,2
321,20261009,2
321,20261012,2
321,20261013,2
321,20261014,2
321,20261015,2
321,20261016,2
321,20261019,2
321,20261020,2
321,20261021,2
321,20261022,2
321,20261023,2
321,20261026,2
321,20261027,2
321,20261028,2
321,20261029,2
322,20260928,2
322,20261028,2
323,20260825,2
323,20260826,2
323,20260827,2
323,20260901,2
323,20260902,2
323,20260903,2
323,20260908,2
323,20260909,2
323,20260910,2
323,20260915,2
323,20260916,2
323,20260917,2
323,20260922,2
323,20260923,2
323,20260924,2
323,20260928,2
323,20260929,2
323,20260930,2
323,20261001,2
323,20261006,2
323,20261007,2
323,20261008,2
323,20261013,2
323,20261014,2
323,20261015,2
323,20261020,2
323,20261021,2
323,20261022,2
323,20261027,2
323,20261028,2
323,20261029,2
324,20260825,2
324,20260827,2
325,20260828,2
325,20260831,2
325,20260901,2
325,20260902,2
325,20260903,2
325,20260904,2
325,20260907,2
325,20260908,2
325,20260909,2
325,20260910,2
325,20260911,2
325,20260914,2
325,20260915,2
325,20260916,2
325,20260917,2
325,20260918,2
325,20260921,2
325,20260922,2
325,20260923,2
325,20260924,2
325,20260925,2
325,20260928,2
325,20260929,2
325,20260930,2
325,20261001,2
325,20261002,2
325,20261005,2
325,20261006,2
325,20261007,2
325,20261008,2
325,20261009,2
325,20261012,2
325,20261013,2
325,20261014,2
325,20261015,2
325,20261016,2
325,20261019,2
325,20261020,2
325,20261021,2
325,20261022,2
325,20261023,2
325,20261026,2
325,20261027,2
325,20261028,2
326,20260828,2
326,20260831,2
326,20260904,2
326,20260907,2
326,20260911,2
326,20260914,2
326,20260918,2
326,20260921,2
326,20260925,2
326,20260928,2
326,20261002,2
326,20261005,2
326,20261009,2
326,20261012,2
326,20261016,2
326,20261019,2
326,20261023,2
326,20261026,2
326,20261028,2
327,20260826,2
329,20260828,2
329,20260904,2
329,20260911,2
329,20260918,2
329,20260925,2
329,20260928,2
329,20261002,2
329,20261009,2
329,20261016,2
329,20261023,2
329,20261027,2
329,20261028,2
329,20261030,2
329,20261106,2
329,20261113,2
329,20261116,2
329,20261117,2
329,20261120,2
329,20261127,2
329,20261204,2
330,20260928,1
330,20261028,1
330,20261117,1
331,20260928,1
331,20261028,1
332,20260905,2
332,20260912,2
332,20260919,2
332,20260926,2
332,20260927,2
332,20260928,1
332,20261003,2
332,20261010,2
332,20261017,2
332,20261024,2
332,20261031,2
332,20261107,2
332,20261114,2
332,20261121,2
332,20261128,2
332,20261205,2
333,20260928,1
333,20261028,1
333,20261117,1
334,20260928,2
334,20261028,2
334,20261117,2
335,20260928,2
335,20261028,2
335,20261117,2
336,20260928,2
336,20261028,2
336,20261117,2
337,20260928,2
337,20261028,2
337,20261029,2
337,20261030,2
337,20261117,2
338,20260928,2
339,20260904,2
339,20260911,2
339,20260918,2
339,20260925,2
339,20260928,2
339,20261002,2
339,20261009,2
339,20261016,2
339,20261023,2
339,20261027,2
339,20261028,2
339,20261030,2
339,20261106,2
339,20261113,2
339,20261116,2
339,20261117,2
339,20261120,2
339,20261127,2
339,20261204,2
340,20260928,2
341,20260904,2
341,20260907,2
341,20260911,2
341,20260914,2
341,20260918,2
341,20260921,2
341,20260925,2
341,20260928,2
341,20261002,2
341,20261005,2
341,20261009,2
341,20261012,2
341,20261016,2
341,20261019,2
341,20261023,2
341,20261026,2
343,20260928,2
344,20260907,2
344,20260914,2
344,20260921,2
346,20260904,2
346,20260911,2
346,20260918,2
346,20260925,2
346,20260928,2
346,20261002,2
346,20261009,2
346,20261016,2
346,20261023,2
346,20261027,2
346,20261028,2
346,20261029,2
346,20261030,2
346,20261106,2
346,20261113,2
346,20261117,2
346,20261120,2
346,20261127,2
346,20261204,2
347,20260928,2
347,20261028,2
347,20261029,2
347,20261030,2
347,20261116,2
347,20261117,2
348,20260928,2
349,20260928,2
349,20261028,2
349,20261116,2
349,20261117,2
351,20260904,2
351,20260911,2
351,20260918,2
351,20260925,2
351,20260928,2
351,20261002,2
351,20261009,2
351,20261016,2
351,20261023,2
351,20261028,2
351,20261029,2
351,20261030,2
351,20261106,2
351,20261113,2
351,20261117,2
351,20261120,2
351,20261127,2
351,20261204,2
352,20260904,2
352,20260911,2
352,20260918,2
352,20260925,2
352,20260928,2
352,20261002,2
352,20261009,2
352,20261016,2
352,20261023,2
352,20261028,2
352,20261030,2
352,20261106,2
352,20261113,2
352,20261117,2
352,20261120,2
352,20261127,2
352,20261204,2
353,20260907,2
353,20260908,2
353,20260909,2
353,20260910,2
353,20260911,2
353,20260921,2
353,20260922,2
353,20260923,2
353,20260924,2
353,20260925,2
353,20260928,2
353,20261005,2
353,20261006,2
353,20261007,2
353,20261008,2
353,20261009,2
354,20260902,2
354,20260904,2
354,20260907,2
354,20260909,2
354,20260911,2
354,20260914,2
354,20260916,2
354,20260918,2
354,20260921,2
354,20260923,2
354,20260925,2
354,20260928,2
354,20260930,2
354,20261002,2
354,20261005,2
354,20261007,2
354,20261009,2
354,20261012,2
354,20261014,2
354,20261016,2
354,20261019,2
354,20261021,2
354,20261023,2
354,20261026,2
354,20261027,2
354,20261028,2
355,20260928,2
355,20261028,2
356,20260928,2
356,20261028,2
356,20261029,2
356,20261030,2
356,20261117,2
357,20260904,2
357,20260911,2
357,20260918,2
357,20260925,2
357,20260928,2
357,20261002,2
357,20261009,2
357,20261016,2
357,20261023,2
357,20261027,2
357,20261028,2
357,20261029,2
357,20261030,2
357,20261106,2
357,20261113,2
357,20261116,2
357,20261117,2
357,20261120,2
357,20261127,2
357,20261204,2
358,20260902,2
358,20260904,2
358,20260907,2
358,20260909,2
358,20260911,2
358,20260914,2
358,20260916,2
358,20260918,2
358,20260921,2
358,20260923,2
358,20260925,2
358,20260928,2
358,20260930,2
358,20261002,2
358,20261005,2
358,20261007,2
358,20261009,2
358,20261012,2
358,20261014,2
358,20261016,2
358,20261019,2
358,20261021,2
358,20261023,2
358,20261026,2
358,20261028,2
359,20260911,2
359,20260928,2
359,20261028,2
359,20261029,2
359,20261030,2
359,20261117,2
360,20260903,2
360,20260908,2
360,20260910,2
360,20260915,2
360,20260917,2
360,20260922,2
360,20260924,2
360,20260928,2
360,20260929,2
360,20261001,2
360,20261006,2
360,20261008,2
360,20261013,2
360,20261015,2
360,20261020,2
360,20261022,2
360,20261028,2
360,20261029,2
361,20260903,2
361,20260908,2
361,20260910,2
361,20260915,2
361,20260917,2
361,20260922,2
361,20260924,2
361,20260928,2
361,20260929,2
361,20261001,2
361,20261006,2
361,20261008,2
361,20261013,2
361,20261015,2
361,20261020,2
361,20261022,2
361,20261027,2
361,20261028,2
361,20261029,2
362,20260907,2
362,20260908,2
362,20260909,2
362,20260910,2
362,20260914,2
362,20260915,2
362,20260916,2
362,20260917,2
362,20260921,2
362,20260922,2
362,20260923,2
362,20260924,2
362,20260928,2
362,20260929,2
362,20260930,2
362,20261001,2
362,20261005,2
362,20261006,2
362,20261007,2
362,20261008,2
362,20261012,2
362,20261013,2
362,20261014,2
362,20261015,2
362,20261019,2
362,20261020,2
362,20261021,2
362,20261022,2
362,20261026,2
362,20261028,2
362,20261029,2
362,20261030,2
362,20261102,2
362,20261103,2
362,20261104,2
362,20261105,2
362,20261109,2
362,20261110,2
362,20261111,2
362,20261112,2
362,20261116,2
362,20261117,2
362,20261118,2
362,20261119,2
362,20261123,2
362,20261124,2
362,20261125,2
362,20261126,2
362,20261130,2
362,20261201,2
362,20261202,2
362,20261203,2
362,20261207,2
362,20261208,2
362,20261209,2
362,20261210,2
363,20260907,2
363,20260908,2
363,20260909,2
363,20260910,2
363,20260914,2
363,20260915,2
363,20260916,2
363,20260917,2
363,20260921,2
363,20260922,2
363,20260923,2
363,20260924,2
363,20260928,2
363,20260929,2
363,20260930,2
363,20261001,2
363,20261005,2
363,20261006,2
363,20261007,2
363,20261008,2
363,20261012,2
363,20261013,2
363,20261014,2
363,20261015,2
363,20261019,2
363,20261020,2
363,20261021,2
363,20261022,2
363,20261026,2
363,20261028,2
363,20261029,2
363,20261102,2
363,20261103,2
363,20261104,2
363,20261105,2
363,20261109,2
363,20261110,2
363,20261111,2
363,20261112,2
363,20261117,2
363,20261118,2
363,20261119,2
363,20261123,2
363,20261124,2
363,20261125,2
363,20261126,2
363,20261130,2
363,20261201,2
363,20261202,2
363,20261203,2
363,20261207,2
363,20261208,2
363,20261209,2
363,20261210,2
364,20260908,2
364,20260909,2
364,20260910,2
364,20260915,2
364,20260916,2
364,20260917,2
364,20260922,2
364,20260923,2
364,20260924,2
364,20260928,2
364,20260929,2
364,20260930,2
364,20261001,2
364,20261006,2
364,20261007,2
364,20261008,2
364,20261013,2
364,20261014,2
364,20261015,2
364,20261020,2
364,20261021,2
364,20261022,2
365,20260907,2
365,20260908,2
365,20260909,2
365,20260910,2
365,20260914,2
365,20260915,2
365,20260916,2
365,20260917,2
365,20260921,2
365,20260922,2
365,20260923,2
365,20260924,2
365,20260928,2
365,20260929,2
365,20260930,2
365,20261001,2
365,20261005,2
365,20261006,2
365,20261007,2
365,20261008,2
365,20261012,2
365,20261013,2
365,20261014,2
365,20261015,2
365,20261019,2
365,20261020,2
365,20261021,2
365,20261022,2
365,20261026,2
365,20261027,2
365,20261028,2
365,20261029,2
365,20261030,2
365,20261102,2
365,20261103,2
365,20261104,2
365,20261105,2
365,20261109,2
365,20261110,2
365,20261111,2
365,20261112,2
365,20261116,2
365,20261117,2
365,20261118,2
365,20261119,2
365,20261123,2
365,20261124,2
365,20261125,2
365,20261126,2
365,20261130,2
365,20261201,2
365,20261202,2
365,20261203,2
365,20261207,2
365,20261208,2
365,20261209,2
365,20261210,2
366,20260907,2
366,20260908,2
366,20260909,2
366,20260910,2
366,20260914,2
366,20260915,2
366,20260916,2
366,20260917,2
366,20260921,2
366,20260922,2
366,20260923,2
366,20260924,2
366,20260928,2
366,20260929,2
366,20260930,2
366,20261001,2
366,20261005,2
366,20261006,2
366,20261007,2
366,20261008,2
366,20261012,2
366,20261013,2
366,20261014,2
366,20261015,2
366,20261019,2
366,20261020,2
366,20261021,2
366,20261022,2
366,20261026,2
366,20261027,2
366,20261028,2
366,20261029,2
366,20261102,2
366,20261103,2
366,20261104,2
366,20261105,2
366,20261109,2
366,20261110,2
366,20261111,2
366,20261112,2
366,20261116,2
366,20261117,2
366,20261118,2
366,20261119,2
366,20261123,2
366,20261124,2
366,20261125,2
366,20261126,2
366,20261130,2
366,20261201,2
366,20261202,2
366,20261203,2
366,20261207,2
366,20261208,2
366,20261209,2
366,20261210,2
367,20260907,2
367,20260908,2
367,20260909,2
367,20260910,2
367,20260914,2
367,20260915,2
367,20260916,2
367,20260917,2
367,20260921,2
367,20260922,2
367,20260923,2
367,20260924,2
367,20260928,2
367,20260929,2
367,20260930,2
367,20261001,2
367,20261005,2
367,20261006,2
367,20261007,2
367,20261008,2
367,20261012,2
367,20261013,2
367,20261014,2
367,20261015,2
367,20261019,2
367,20261020,2
367,20261021,2
367,20261022,2
367,20261026,2
367,20261028,2
367,20261029,2
367,20261030,2
367,20261102,2
367,20261103,2
367,20261104,2
367,20261105,2
367,20261109,2
367,20261110,2
367,20261111,2
367,20261112,2
367,20261117,2
367,20261118,2
367,20261119,2
367,20261123,2
367,20261124,2
367,20261125,2
367,20261126,2
367,20261130,2
367,20261201,2
367,20261202,2
367,20261203,2
367,20261207,2
367,20261208,2
367,20261209,2
367,20261210,2
368,20260928,1
368,20261028,1
368,20261117,1
369,20260928,1
370,20260906,2
370,20260913,2
370,20260920,2
370,20260927,2
370,20261004,2
370,20261011,2
370,20261018,2
370,20261025,2
370,20261101,2
370,20261108,2
370,20261115,2
370,20261122,2
370,20261129,2
370,20261206,2
371,20260906,2
371,20260912,2
371,20260913,2
371,20260920,2
371,20261004,2
371,20261011,2
371,20261018,2
371,20261025,2
371,20261101,2
371,20261108,2
371,20261115,2
371,20261122,2
371,20261129,2
371,20261206,2
374,20260906,2
374,20260913,2
374,20260920,2
375,20260906,2
375,20260913,2
375,20260920,2
375,20260927,2
376,20260906,2
376,20260913,2
376,20260920,2
376,20260927,2
376,20261004,2
376,20261011,2
376,20261018,2
376,20261025,2
376,20261028,1
376,20261101,2
376,20261108,2
376,20261115,2
376,20261117,1
376,20261122,2
376,20261129,2
376,20261206,2
377,20261117,1
378,20260906,2
378,20260913,2
378,20260920,2
378,20261004,2
378,20261011,2
378,20261018,2
378,20261025,2
378,20261101,2
378,20261108,2
378,20261115,2
378,20261122,2
378,20261129,2
378,20261206,2
379,20260912,2
379,20260928,1
380,20260928,1
380,20261028,1
381,20260912,2
381,20260919,2
381,20260926,2
381,20260927,2
381,20260928,1
381,20261003,2
381,20261010,2
381,20261017,2
381,20261024,2
381,20261028,1
381,20261031,2
381,20261107,2
381,20261114,2
381,20261117,1
381,20261121,2
381,20261128,2
381,20261205,2
382,20260912,2
382,20260919,2
382,20260926,2
382,20261003,2
382,20261010,2
382,20261017,2
382,20261024,2
382,20261031,2
382,20261107,2
382,20261114,2
382,20261121,2
382,20261128,2
382,20261205,2
383,20260912,2
383,20260919,2
383,20260926,2
383,20260928,1
384,20260912,2
384,20260919,2
384,20260926,2
385,20260928,1
385,20261028,1
385,20261117,1
386,20260912,2
386,20260919,2
386,20260926,2
386,20260927,2
386,20261003,2
386,20261010,2
386,20261017,2
386,20261024,2
386,20261031,2
386,20261107,2
386,20261114,2
386,20261121,2
386,20261128,2
386,20261205,2
387,20260912,2
387,20260919,2
387,20260926,2
387,20260927,2
387,20261003,2
387,20261010,2
387,20261017,2
387,20261024,2
387,20261031,2
387,20261107,2
387,20261114,2
387,20261115,2
387,20261121,2
387,20261128,2
387,20261205,2
388,20260912,2
388,20260919,2
388,20260926,2
388,20260927,2
388,20260928,1
388,20261003,2
388,20261010,2
388,20261017,2
388,20261024,2
388,20261031,2
388,20261107,2
388,20261114,2
388,20261121,2
388,20261128,2
388,20261205,2
389,20260908,2
389,20260909,2
389,20260910,2
389,20260911,2
389,20260915,2
389,20260916,2
389,20260917,2
389,20260918,2
390,20260928,2
390,20261028,2
390,20261117,2
391,20260928,2
392,20260928,2
393,20260928,2
393,20261028,2
393,20261029,2
393,20261030,2
393,20261117,2
394,20260914,2
394,20260915,2
394,20260916,2
394,20260917,2
394,20260918,2
394,20260928,2
394,20260929,2
394,20260930,2
394,20261001,2
394,20261002,2
394,20261012,2
394,20261013,2
394,20261014,2
394,20261015,2
394,20261016,2
398,20260928,1
398,20261028,1
398,20261117,1
399,20260928,1
400,20260928,2
400,20261028,2
400,20261117,2
401,20260928,2
401,20261028,2
401,20261029,2
401,20261030,2
401,20261117,2
404,20260928,1
404,20261003,2
404,20261004,2
404,20261010,2
404,20261011,2
404,20261017,2
404,20261018,2
404,20261024,2
404,20261025,2
404,20261028,1
404,20261031,2
404,20261101,2
404,20261107,2
404,20261108,2
404,20261114,2
404,20261115,2
404,20261117,1
405,20260928,1
405,20261003,2
405,20261010,2
405,20261017,2
405,20261024,2
405,20261031,2
405,20261107,2
405,20261114,2
405,20261121,2
405,20261128,2
405,20261205,2
406,20260928,1
406,20261003,2
406,20261004,2
406,20261010,2
406,20261011,2
406,20261017,2
406,20261018,2
406,20261024,2
406,20261025,2
406,20261028,1
407,20260928,1
408,20260928,1
408,20261003,2
408,20261004,2
408,20261010,2
408,20261011,2
408,20261017,2
408,20261018,2
408,20261024,2
408,20261025,2
408,20261031,2
408,20261101,2
408,20261107,2
408,20261108,2
408,20261114,2
408,20261115,2
408,20261117,1
409,20261028,2
409,20261117,2
410,20261028,2
410,20261029,2
410,20261030,2
410,20261117,2
411,20261028,1
411,20261117,1
413,20261004,2
413,20261011,2
413,20261018,2
413,20261025,2
413,20261028,1
413,20261101,2
413,20261108,2
413,20261115,2
413,20261117,1
413,20261122,2
413,20261129,2
413,20261206,2
415,20261004,2
415,20261011,2
415,20261018,2
415,20261025,2
415,20261101,2
415,20261108,2
415,20261115,2
415,20261122,2
415,20261129,2
415,20261206,2
417,20261010,2
417,20261017,2
417,20261024,2
417,20261031,2
417,20261107,2
417,20261114,2
417,20261121,2
417,20261128,2
417,20261205,2
418,20261010,2
418,20261017,2
418,20261024,2
418,20261031,2
418,20261107,2
418,20261114,2
418,20261115,2
418,20261121,2
418,20261128,2
418,20261205,2
419,20261028,1
419,20261117,1
420,20261010,2
420,20261017,2
420,20261024,2
420,20261028,1
420,20261031,2
420,20261107,2
420,20261114,2
420,20261117,1
420,20261121,2
420,20261128,2
420,20261205,2
421,20261010,2
421,20261017,2
421,20261024,2
421,20261028,1
422,20261028,2
422,20261117,2
423,20261028,2
423,20261116,2
423,20261117,2
424,20261028,2
424,20261029,2
424,20261030,2
424,20261117,2
425,20261028,2
425,20261029,2
425,20261030,2
425,20261116,2
425,20261117,2
426,20261028,2
426,20261029,2
426,20261030,2
426,20261117,2
427,20261028,2
427,20261117,2
428,20261028,2
428,20261116,2
428,20261117,2
429,20261028,2
429,20261029,2
429,20261030,2
429,20261116,2
429,20261117,2
430,20261011,2
430,20261018,2
430,20261025,2
430,20261101,2
430,20261108,2
430,20261115,2
430,20261122,2
430,20261129,2
430,20261206,2
431,20261011,2
431,20261018,2
431,20261025,2
431,20261101,2
431,20261108,2
431,20261122,2
431,20261129,2
431,20261206,2
432,20261028,1
432,20261117,1
433,20261017,2
433,20261024,2
433,20261031,2
433,20261107,2
433,20261114,2
433,20261121,2
433,20261128,2
433,20261205,2
435,20261028,2
435,20261117,2
438,20261028,2
439,20261028,2
439,20261029,2
439,20261030,2
439,20261117,2
440,20261028,2
441,20261028,2
441,20261029,2
441,20261030,2
441,20261102,2
441,20261103,2
441,20261104,2
441,20261105,2
441,20261106,2
441,20261109,2
441,20261110,2
441,20261111,2
441,20261112,2
441,20261113,2
442,20261028,1
442,20261031,2
442,20261101,2
442,20261107,2
442,20261108,2
442,20261114,2
442,20261115,2
442,20261117,1
443,20261028,1
443,20261031,2
443,20261107,2
443,20261114,2
443,20261117,1
443,20261121,2
443,20261128,2
443,20261205,2
444,20261028,1
444,20261117,1
445,20261028,1
445,20261101,2
445,20261108,2
445,20261115,2
445,20261117,1
445,20261122,2
445,20261129,2
445,20261206,2
446,20261028,1
450,20261101,2
450,20261108,2
450,20261115,2
450,20261122,2
450,20261129,2
450,20261206,2
452,20261107,2
452,20261114,2
452,20261121,2
452,20261128,2
452,20261205,2
453,20261117,1
454,20261107,2
454,20261114,2
454,20261117,1
454,20261121,2
454,20261128,2
454,20261205,2
455,20261117,2
456,20261103,2
456,20261104,2
456,20261105,2
456,20261110,2
456,20261111,2
456,20261112,2
456,20261117,2
456,20261118,2
456,20261119,2
456,20261124,2
456,20261125,2
456,20261126,2
456,20261201,2
456,20261202,2
456,20261203,2
456,20261208,2
456,20261209,2
456,20261210,2
457,20261109,2
457,20261110,2
457,20261111,2
457,20261112,2
457,20261113,2
457,20261117,2
457,20261123,2
457,20261124,2
457,20261125,2
457,20261126,2
457,20261127,2
458,20261103,2
458,20261105,2
458,20261110,2
458,20261112,2
458,20261117,2
458,20261119,2
458,20261124,2
458,20261126,2
458,20261201,2
458,20261203,2
458,20261208,2
458,20261210,2
459,20261106,2
459,20261109,2
459,20261113,2
459,20261116,2
459,20261117,2
459,20261120,2
459,20261123,2
459,20261127,2
459,20261130,2
459,20261204,2
459,20261207,2
460,20261104,2
460,20261106,2
460,20261109,2
460,20261111,2
460,20261113,2
460,20261116,2
460,20261117,2
460,20261118,2
460,20261120,2
460,20261123,2
460,20261125,2
460,20261127,2
460,20261130,2
460,20261202,2
460,20261204,2
460,20261207,2
460,20261209,2
462,20261117,1
463,20261116,2
463,20261117,2
463,20261118,2
463,20261119,2
463,20261120,2
463,20261130,2
463,20261201,2
463,20261202,2
463,20261203,2
463,20261204,2
465,20261117,1
467,20261122,2
467,20261129,2
467,20261206,2
468,20261128,2
468,20261205,2
472,20260929,2
472,20261029,2
472,20261118,2
477,20260815,2
477,20260816,2
477,20260822,2
477,20260823,2
477,20260829,2
477,20260830,2
477,20260905,2
477,20260906,2
477,20260912,2
477,20260913,2
477,20260919,2
477,20260920,2
477,20260926,2
477,20260927,2
477,20261003,2
477,20261004,2
477,20261010,2
477,20261011,2
477,20261017,2
477,20261018,2
481,20260927,1
481,20261027,1
481,20261116,1
482,20260929,2
482,20261029,2
482,20261118,2
483,20260901,2
483,20260902,2
483,20260903,2
483,20260904,2
483,20260907,2
483,20260908,2
483,20260909,2
483,20260910,2
483,20260911,2
483,20260914,2
483,20260915,2
483,20260916,2
483,20260917,2
483,20260918,2
483,20260921,2
483,20260922,2
483,20260923,2
483,20260924,2
483,20260925,2
483,20260928,2
483,20260929,2
483,20260930,2
483,20261001,2
483,20261002,2
483,20261005,2
483,20261006,2
483,20261007,2
483,20261008,2
483,20261009,2
483,20261012,2
483,20261013,2
483,20261014,2
483,20261015,2
483,20261016,2
483,20261019,2
483,20261020,2
483,20261021,2
483,20261022,2
483,20261023,2
483,20261026,2
483,20261027,2
483,20261028,2
483,20261102,2
483,20261103,2
483,20261104,2
483,20261105,2
483,20261106,2
483,20261109,2
483,20261110,2
483,20261111,2
483,20261112,2
483,20261113,2
485,20260831,2
485,20260901,2
485,20260902,2
485,20260903,2
485,20260906,2
485,20260907,2
485,20260908,2
485,20260909,2
485,20260910,2
485,20260913,2
485,20260914,2
485,20260915,2
485,20260916,2
485,20260917,2
485,20260920,2
485,20260921,2
485,20260922,2
485,20260923,2
485,20260924,2
485,20260927,2
485,20260928,2
485,20260929,2
485,20260930,2
485,20261001,2
485,20261004,2
485,20261005,2
485,20261006,2
485,20261007,2
485,20261008,2
485,20261011,2
485,20261012,2
485,20261013,2
485,20261014,2
485,20261015,2
485,20261018,2
485,20261019,2
485,20261020,2
485,20261021,2
485,20261022,2
485,20261025,2
485,20261026,2
485,20261027,2
485,20261101,2
485,20261102,2
485,20261103,2
485,20261104,2
485,20261105,2
485,20261108,2
485,20261109,2
485,20261110,2
485,20261111,2
485,20261112,2
486,20260927,2
486,20261027,2
486,20261116,2
487,20260928,2
487,20261028,2
487,20261117,2
488,20260927,2
488,20261027,2
488,20261116,2
490,20260719,2
490,20260726,2
490,20260802,2
490,20260809,2
490,20260816,2
490,20260823,2
490,20260830,2
490,20260906,2
490,20260913,2
490,20260920,2
490,20260927,2
490,20261004,2
490,20261011,2
490,20261018,2
490,20261025,2
490,20261101,2
490,20261108,2
490,20261115,2
490,20261122,2
490,20261129,2
490,20261206,2
492,20260927,1
492,20261027,1
492,20261116,1
493,20260927,1
493,20261027,1
493,20261116,1
494,20260725,2
494,20260801,2
494,20260808,2
494,20260815,2
494,20260822,2
494,20260829,2
494,20260905,2
494,20260912,2
494,20260919,2
494,20260926,2
494,20261003,2
494,20261010,2
494,20261017,2
494,20261024,2
494,20261031,2
494,20261107,2
494,20261114,2
494,20261121,2
494,20261128,2
494,20261205,2
497,20260901,2
497,20260902,2
497,20260903,2
497,20260904,2
497,20260905,2
497,20260906,2
497,20260907,2
497,20260908,2
497,20260909,2
497,20260910,2
497,20260911,2
497,20260912,2
497,20260913,2
497,20260914,2
497,20260915,2
497,20260916,2
497,20260917,2
497,20260918,2
497,20260919,2
497,20260920,2
497,20260921,2
497,20260922,2
497,20260923,2
497,20260924,2
497,20260925,2
497,20260926,2
497,20260927,2
497,20260928,2
497,20260929,2
497,20260930,2
497,20261001,2
497,20261002,2
497,20261003,2
497,20261004,2
497,20261005,2
497,20261006,2
497,20261007,2
497,20261008,2
497,20261009,2
497,20261010,2
497,20261011,2
497,20261012,2
497,20261013,2
497,20261014,2
497,20261015,2
497,20261016,2
497,20261017,2
497,20261018,2
497,20261019,2
497,20261020,2
497,20261021,2
497,20261022,2
497,20261023,2
497,20261024,2
497,20261025,2
497,20261026,2
497,20261027,2
497,20261028,2
498,20260929,2
498,20261029,2
498,20261118,2
499,20260927,2
499,20261027,2
499,20261028,2
499,20261029,2
499,20261115,2
499,20261116,2
500,20260929,1
500,20261004,2
500,20261005,2
500,20261011,2
500,20261012,2
500,20261018,2
500,20261019,2
500,20261025,2
500,20261026,2
500,20261029,1
500,20261101,2
500,20261102,2
500,20261108,2
500,20261109,2
500,20261115,2
500,20261116,2
500,20261118,1
501,20260927,1
501,20261002,2
501,20261003,2
501,20261009,2
501,20261010,2
501,20261016,2
501,20261017,2
501,20261023,2
501,20261024,2
501,20261027,1
501,20261030,2
501,20261031,2
501,20261106,2
501,20261107,2
501,20261113,2
501,20261114,2
501,20261116,1
502,20261028,1
